400
0 108
1 -1723
2 -308
3 1208
4 1852
5 1892
6 1831
7 -1598
8 522
9 -1065
10 -1870
11 1756
12 -1961
13 -876
14 -102
15 -1308
16 -326
17 584
18 -1795
19 -1454
20 -1632
21 4
22 -348
23 1513
24 1186
25 252
26 586
27 -252
28 -441
29 877
30 482
31 -571
32 441
33 -1299
34 600
35 -854
36 842
37 -1012
38 1745
39 -729
40 450
41 487
42 1035
43 -184
44 1632
45 1858
46 -780
47 -872
48 1716
49 -1126
50 68
51 1283
52 -550
53 -1697
54 -1687
55 1291
56 -392
57 -1597
58 -1474
59 1465
60 382
61 -1007
62 -37
63 31
64 34
65 1061
66 927
67 278
68 902
69 1548
70 -1591
71 -800
72 1701
73 1227
74 -234
75 -1755
76 98
77 -606
78 1766
79 458
80 353
81 -1603
82 -26
83 -1586
84 -1523
85 -1958
86 1714
87 -662
88 -1255
89 -198
90 -984
91 -1173
92 884
93 873
94 -762
95 112
96 -1139
97 -1830
98 643
99 -239
100 864
101 1444
102 964
103 1328
104 1128
105 1560
106 -1477
107 1347
108 -1386
109 -853
110 692
111 383
112 1514
113 460
114 675
115 -552
116 -998
117 1381
118 1518
119 736
120 1
121 615
122 911
123 1341
124 1164
125 -1878
126 1310
127 1914
128 -234
129 221
130 876
131 1176
132 1528
133 1477
134 1642
135 -982
136 -467
137 687
138 1719
139 -813
140 699
141 -1618
142 -1300
143 -829
144 1166
145 -1832
146 -304
147 -14
148 1709
149 -620
150 1556
151 -65
152 -1796
153 1770
154 -659
155 -590
156 -589
157 1799
158 -1281
159 -1193
160 -1354
161 1868
162 -825
163 -1007
164 -911
165 1536
166 950
167 -524
168 828
169 -580
170 410
171 430
172 1795
173 -183
174 1897
175 -1148
176 -1602
177 -1459
178 1900
179 -1902
180 -445
181 -7
182 390
183 1825
184 -336
185 -386
186 1380
187 1708
188 -989
189 1045
190 -1462
191 1956
192 1400
193 -427
194 428
195 1284
196 -1435
197 -1862
198 -1300
199 1343
200 -1065
201 1628
202 -899
203 656
204 -1122
205 1236
206 1434
207 319
208 -257
209 -1750
210 1407
211 513
212 595
213 731
214 -459
215 -1025
216 983
217 1675
218 -1308
219 1201
220 -585
221 -1992
222 7
223 180
224 381
225 -1557
226 -1361
227 1170
228 -759
229 341
230 1894
231 786
232 600
233 1820
234 -1218
235 -1484
236 1598
237 -1743
238 571
239 1349
240 -278
241 -1762
242 -55
243 -347
244 -940
245 -1650
246 -954
247 1526
248 -1086
249 -1981
250 1312
251 1495
252 -1367
253 -1946
254 -220
255 -218
256 915
257 1537
258 -1067
259 1913
260 1120
261 1465
262 -761
263 -92
264 596
265 -896
266 -1568
267 -48
268 1250
269 8
270 1280
271 981
272 -865
273 -922
274 -658
275 64
276 1251
277 -1590
278 1361
279 -489
280 -345
281 965
282 -1365
283 -1662
284 1655
285 1981
286 887
287 1598
288 567
289 1418
290 -386
291 411
292 -498
293 606
294 1132
295 107
296 -309
297 -1643
298 1224
299 -80
300 -1644
301 -1099
302 1930
303 1214
304 1449
305 1390
306 176
307 -1376
308 -253
309 631
310 -1434
311 1629
312 -1534
313 414
314 981
315 -52
316 -1855
317 -1399
318 701
319 -1636
320 402
321 1859
322 876
323 -1282
324 275
325 -368
326 338
327 -152
328 -1097
329 1133
330 -1770
331 -311
332 1049
333 -591
334 822
335 1432
336 -595
337 -630
338 1425
339 -1878
340 -306
341 578
342 59
343 -736
344 -1868
345 -1214
346 -72
347 1267
348 210
349 1212
350 1959
351 -120
352 -67
353 349
354 510
355 -1841
356 1432
357 1688
358 1508
359 -1334
360 67
361 159
362 -1497
363 302
364 241
365 680
366 1161
367 1506
368 760
369 1198
370 500
371 1176
372 -1402
373 -262
374 1735
375 761
376 -340
377 -458
378 860
379 -234
380 -780
381 1600
382 -1734
383 901
384 -1695
385 -776
386 1938
387 1911
388 355
389 774
390 -78
391 -717
392 873
393 334
394 1940
395 494
396 -1057
397 -1593
398 41
399 744
