400
0 -1310
1 -683
2 225
3 -85
4 -178
5 20
6 598
7 84
8 -1992
9 55
10 -1105
11 -1736
12 1095
13 -1809
14 -1329
15 279
16 332
17 -365
18 -1689
19 -1816
20 -313
21 1452
22 -1942
23 -1615
24 -524
25 908
26 -1251
27 271
28 -1373
29 74
30 374
31 -422
32 -1990
33 -1389
34 138
35 -30
36 735
37 1563
38 -1476
39 -1608
40 1506
41 -664
42 1111
43 -1372
44 1970
45 -869
46 1452
47 -116
48 1457
49 -1861
50 161
51 1712
52 1415
53 584
54 55
55 -1850
56 274
57 300
58 -1595
59 194
60 -974
61 35
62 1293
63 1077
64 -812
65 -1786
66 -646
67 1258
68 512
69 -1040
70 350
71 -969
72 -661
73 -961
74 -586
75 -1404
76 1237
77 1470
78 1173
79 -1798
80 1322
81 -80
82 -578
83 -1606
84 1024
85 777
86 1418
87 -1878
88 -1456
89 1606
90 719
91 -1109
92 1019
93 -12
94 -1884
95 -1075
96 -1256
97 -1130
98 1246
99 -1339
100 1700
101 -1766
102 1678
103 1347
104 624
105 1388
106 90
107 184
108 1599
109 -1814
110 202
111 904
112 -463
113 -1275
114 250
115 -880
116 -606
117 1263
118 -1155
119 -210
120 -848
121 1967
122 -1077
123 1431
124 -1234
125 1384
126 -1845
127 1452
128 333
129 -113
130 -369
131 1702
132 1766
133 -1676
134 1381
135 -1638
136 402
137 1231
138 -666
139 240
140 -437
141 1846
142 1537
143 1984
144 429
145 -33
146 -1779
147 -777
148 -1680
149 -1841
150 -691
151 -1322
152 1087
153 -873
154 959
155 631
156 -432
157 -497
158 48
159 -1747
160 -853
161 -1422
162 -117
163 -929
164 1182
165 1652
166 1595
167 641
168 -299
169 -1420
170 1714
171 1631
172 459
173 1293
174 1918
175 -1813
176 1511
177 -1744
178 -273
179 1585
180 -964
181 -1568
182 -754
183 221
184 1559
185 -1004
186 -239
187 1956
188 14
189 711
190 1243
191 -324
192 -1923
193 -1703
194 -1697
195 831
196 680
197 724
198 -1292
199 313
200 347
201 1907
202 87
203 1551
204 -1710
205 1184
206 -885
207 -766
208 -892
209 1845
210 1385
211 18
212 1431
213 1856
214 1324
215 -1798
216 1113
217 -1124
218 137
219 -1212
220 286
221 834
222 1903
223 823
224 1006
225 -1190
226 1521
227 1626
228 -1490
229 1181
230 -1707
231 -904
232 1652
233 -1307
234 -407
235 -105
236 -1281
237 -1150
238 -847
239 -1034
240 1314
241 -1871
242 -1748
243 1990
244 -936
245 1514
246 907
247 1393
248 -1802
249 -659
250 -1115
251 517
252 -220
253 -1296
254 -1816
255 -1225
256 -151
257 -321
258 -208
259 -216
260 1948
261 -751
262 1239
263 851
264 1194
265 72
266 -1992
267 -219
268 35
269 -1716
270 1452
271 -251
272 -847
273 1729
274 472
275 -1235
276 1034
277 -1227
278 -1257
279 -511
280 -1539
281 -334
282 -284
283 -497
284 1180
285 1519
286 -1467
287 -936
288 -243
289 -1327
290 -363
291 -1166
292 1060
293 1650
294 -305
295 -1121
296 -484
297 -1809
298 1683
299 -1341
300 -1275
301 -7
302 80
303 1669
304 -606
305 -1707
306 -1642
307 -1130
308 -1947
309 -1674
310 -156
311 578
312 -975
313 1273
314 160
315 -1693
316 -728
317 693
318 -1835
319 -1652
320 -1427
321 -1698
322 -816
323 -179
324 -191
325 1870
326 -77
327 1625
328 1224
329 -1988
330 -1613
331 -251
332 -1998
333 -1527
334 996
335 -66
336 -152
337 774
338 -1007
339 1531
340 1020
341 794
342 1308
343 -1227
344 -1036
345 8
346 659
347 -1793
348 -35
349 -578
350 -658
351 286
352 541
353 560
354 1329
355 -775
356 784
357 -1664
358 393
359 -765
360 -1245
361 -1850
362 -1538
363 -1522
364 -424
365 -1784
366 -104
367 -1935
368 1293
369 -1690
370 -1481
371 -354
372 -1639
373 -1624
374 -515
375 1555
376 -1807
377 148
378 994
379 855
380 45
381 -1340
382 -985
383 1036
384 -334
385 1955
386 -1857
387 -1139
388 -1866
389 43
390 -1181
391 -779
392 761
393 -6
394 -1576
395 1059
396 -1532
397 1138
398 1184
399 -1332
