400
0 -302
1 988
2 -1548
3 1068
4 -543
5 -1003
6 269
7 203
8 -1189
9 984
10 185
11 -1932
12 1392
13 -1061
14 1517
15 1545
16 -801
17 -1635
18 127
19 -1996
20 -782
21 -1330
22 -1880
23 -22
24 1775
25 -80
26 1837
27 166
28 1863
29 1969
30 113
31 172
32 319
33 424
34 -1619
35 -510
36 -288
37 -904
38 -1124
39 309
40 1498
41 -1519
42 -825
43 140
44 -1012
45 1771
46 -1672
47 367
48 -1584
49 -8
50 1323
51 -930
52 573
53 -643
54 -1194
55 769
56 -128
57 23
58 -906
59 1040
60 -881
61 320
62 -215
63 -1823
64 -1321
65 790
66 1761
67 1184
68 1350
69 793
70 554
71 -1934
72 -986
73 -1841
74 -1341
75 614
76 168
77 1512
78 -745
79 1824
80 1942
81 -1125
82 492
83 -1359
84 841
85 1212
86 -1730
87 756
88 -1461
89 541
90 -1334
91 1476
92 -806
93 -520
94 -345
95 -1308
96 -1227
97 208
98 26
99 -903
100 178
101 -1532
102 -1396
103 -1887
104 942
105 566
106 -1345
107 982
108 206
109 -1294
110 -692
111 155
112 58
113 -810
114 -20
115 -537
116 911
117 -967
118 -326
119 -411
120 467
121 1730
122 -736
123 -1697
124 1265
125 -1887
126 1255
127 1020
128 -1239
129 779
130 -128
131 247
132 -1786
133 -1136
134 -893
135 -13
136 1637
137 128
138 1321
139 -1425
140 -1414
141 -322
142 1311
143 -1452
144 1284
145 -1095
146 217
147 -496
148 -44
149 1076
150 1254
151 1708
152 -1194
153 -1434
154 1892
155 -1718
156 402
157 -139
158 -193
159 1171
160 -679
161 1885
162 -1576
163 -1873
164 1629
165 1922
166 1282
167 -1106
168 277
169 189
170 -1196
171 1653
172 -168
173 -442
174 734
175 63
176 -1163
177 -1694
178 952
179 302
180 1101
181 69
182 -1579
183 171
184 1327
185 1803
186 -1901
187 -1187
188 1767
189 1571
190 540
191 233
192 533
193 1340
194 -1854
195 -937
196 -1974
197 -572
198 -1428
199 672
200 -901
201 911
202 1309
203 1773
204 -720
205 -1849
206 1012
207 1203
208 1378
209 1598
210 -950
211 1764
212 -506
213 -484
214 12
215 1476
216 375
217 -1755
218 -291
219 1620
220 128
221 -1845
222 1964
223 111
224 -1460
225 -1515
226 -288
227 -393
228 1328
229 -1618
230 433
231 992
232 293
233 -858
234 -459
235 302
236 -1335
237 917
238 1410
239 -581
240 1546
241 1739
242 -1189
243 -705
244 1430
245 -1305
246 737
247 -1867
248 -757
249 -18
250 -1029
251 1064
252 1658
253 596
254 1867
255 1777
256 -612
257 1431
258 1545
259 662
260 522
261 -1888
262 1979
263 -752
264 1381
265 674
266 102
267 -755
268 -303
269 1470
270 647
271 -1512
272 -916
273 -1649
274 -1504
275 1360
276 -289
277 41
278 479
279 1043
280 -1623
281 -1063
282 1360
283 -173
284 -788
285 794
286 -1425
287 960
288 1470
289 -1444
290 -1881
291 -1664
292 1930
293 1529
294 -442
295 539
296 181
297 439
298 -123
299 -1036
300 -185
301 -1417
302 716
303 1490
304 974
305 -626
306 1029
307 1110
308 117
309 945
310 -1775
311 1236
312 705
313 -640
314 836
315 419
316 -1698
317 -225
318 674
319 56
320 1911
321 460
322 1677
323 -672
324 1612
325 512
326 -182
327 793
328 -708
329 -1615
330 654
331 -1015
332 -35
333 1129
334 1146
335 1806
336 -1849
337 1958
338 1966
339 -243
340 1334
341 -1487
342 1426
343 -289
344 464
345 -983
346 -414
347 -1948
348 212
349 -860
350 -747
351 258
352 1995
353 1307
354 1867
355 -942
356 -1876
357 -1455
358 0
359 -687
360 1151
361 -1825
362 512
363 1178
364 311
365 1548
366 687
367 -1720
368 -1389
369 1753
370 261
371 -228
372 -1407
373 -58
374 16
375 -1016
376 1759
377 1050
378 341
379 -459
380 366
381 -1572
382 -1794
383 -1594
384 300
385 1272
386 674
387 799
388 -140
389 105
390 774
391 1444
392 674
393 -779
394 1717
395 -1501
396 -582
397 1629
398 465
399 -595
