400
0 43
1 138
2 -22
3 -1203
4 -684
5 1814
6 105
7 -235
8 -1250
9 1759
10 1668
11 1574
12 175
13 -877
14 -1370
15 895
16 -582
17 -1964
18 1592
19 111
20 -284
21 -834
22 -1763
23 1462
24 857
25 1335
26 -1260
27 -1106
28 -1689
29 755
30 -1869
31 629
32 -590
33 -5
34 -420
35 -1683
36 1663
37 1152
38 -1578
39 -1166
40 969
41 65
42 1732
43 -173
44 -1124
45 -291
46 -1525
47 -678
48 -670
49 377
50 1561
51 -1118
52 131
53 -1194
54 -359
55 160
56 -125
57 1769
58 -1569
59 -1755
60 1168
61 1072
62 978
63 -72
64 -724
65 9
66 -1266
67 -413
68 1176
69 100
70 -1609
71 1937
72 1894
73 1185
74 642
75 480
76 1241
77 1835
78 1825
79 1883
80 -698
81 1191
82 -700
83 -867
84 1082
85 321
86 1045
87 214
88 207
89 -114
90 -1056
91 -231
92 -185
93 909
94 1199
95 -1399
96 1155
97 949
98 -1291
99 645
100 -438
101 -1836
102 -1200
103 1122
104 1131
105 1937
106 -893
107 -130
108 757
109 1249
110 923
111 939
112 -819
113 1462
114 -1866
115 426
116 1253
117 -1766
118 -619
119 1741
120 384
121 58
122 -312
123 733
124 -1058
125 1966
126 -785
127 -512
128 -1492
129 285
130 -1371
131 335
132 -1864
133 110
134 -1521
135 517
136 267
137 383
138 -553
139 -1049
140 1263
141 78
142 -1511
143 1993
144 -434
145 -1951
146 -979
147 385
148 -605
149 1605
150 1031
151 -1298
152 13
153 -1220
154 829
155 -503
156 310
157 -1191
158 340
159 487
160 -350
161 1209
162 -491
163 1861
164 1406
165 -347
166 -1876
167 -25
168 -1121
169 702
170 666
171 -762
172 -1612
173 736
174 -1093
175 -715
176 -399
177 -890
178 -10
179 -1787
180 -1602
181 -1957
182 -806
183 -1401
184 -1978
185 -548
186 -898
187 -1743
188 -228
189 866
190 1137
191 455
192 -924
193 -724
194 -1570
195 -597
196 -1111
197 -614
198 -655
199 -1315
200 -293
201 -997
202 -588
203 807
204 -684
205 -1719
206 -1845
207 325
208 901
209 -819
210 -500
211 -1370
212 -1435
213 961
214 114
215 1836
216 782
217 -1332
218 -1291
219 1943
220 -1856
221 893
222 819
223 -1033
224 -1224
225 -453
226 -905
227 -1142
228 1165
229 1976
230 1431
231 -491
232 -894
233 896
234 -650
235 1931
236 -303
237 1293
238 1122
239 1939
240 -637
241 561
242 -1553
243 -1090
244 1388
245 -1267
246 -1021
247 1690
248 -1806
249 1954
250 -1058
251 -1509
252 -1703
253 95
254 -1930
255 -1010
256 629
257 846
258 477
259 1208
260 -910
261 828
262 1429
263 -682
264 -1383
265 -416
266 -690
267 108
268 -1392
269 -751
270 1775
271 -1871
272 -1829
273 -1017
274 412
275 1895
276 1890
277 -1713
278 484
279 1911
280 -1915
281 492
282 1252
283 -43
284 265
285 -279
286 -1368
287 962
288 -1691
289 1183
290 849
291 -1093
292 1759
293 -1493
294 -946
295 1163
296 -983
297 -1214
298 663
299 -877
300 -349
301 -1354
302 -1032
303 741
304 379
305 54
306 1416
307 -339
308 -1989
309 789
310 1303
311 -1130
312 1438
313 467
314 -1561
315 19
316 1738
317 -174
318 609
319 501
320 1605
321 918
322 1834
323 675
324 1751
325 7
326 -1290
327 1278
328 -156
329 457
330 1576
331 629
332 688
333 1981
334 -1489
335 -1476
336 -798
337 -885
338 -792
339 -1813
340 103
341 -160
342 -931
343 1877
344 -609
345 -636
346 -1687
347 1143
348 1283
349 333
350 -581
351 -1680
352 -654
353 1514
354 -487
355 97
356 1626
357 365
358 753
359 -477
360 -1708
361 653
362 1530
363 286
364 -1182
365 -1970
366 -62
367 1737
368 1978
369 1815
370 -695
371 -1918
372 -669
373 -1354
374 -985
375 935
376 -1905
377 386
378 898
379 -1818
380 595
381 -405
382 -271
383 1246
384 1965
385 -1915
386 -709
387 -880
388 1693
389 828
390 -1604
391 1309
392 645
393 -575
394 365
395 796
396 1694
397 268
398 -1075
399 769
