400
0 215
1 -1661
2 -1945
3 -160
4 363
5 -967
6 -504
7 -1253
8 -1981
9 266
10 24
11 -1014
12 844
13 1562
14 1644
15 915
16 -746
17 -1404
18 -1685
19 -45
20 804
21 -1876
22 -192
23 1033
24 -78
25 611
26 1364
27 300
28 -499
29 1526
30 -1332
31 -194
32 -1151
33 -80
34 196
35 -1559
36 1417
37 -569
38 -557
39 -524
40 -1361
41 398
42 -1488
43 -916
44 1406
45 774
46 -576
47 -628
48 -1008
49 224
50 643
51 -761
52 -1733
53 1712
54 1930
55 1123
56 1740
57 -1128
58 -658
59 -1442
60 250
61 -1738
62 -989
63 1641
64 1126
65 -305
66 391
67 -229
68 -154
69 -1149
70 -301
71 1488
72 775
73 1141
74 736
75 -969
76 1032
77 -364
78 -773
79 1907
80 1184
81 739
82 1634
83 -1258
84 556
85 -1289
86 -114
87 69
88 1387
89 -1628
90 -1427
91 -787
92 -568
93 750
94 1557
95 -796
96 1641
97 -1549
98 1592
99 1114
100 1159
101 -1553
102 35
103 12
104 266
105 -377
106 -1201
107 954
108 105
109 541
110 1072
111 1752
112 -617
113 1487
114 -647
115 -1820
116 1806
117 1481
118 1645
119 1716
120 -1196
121 -1503
122 1145
123 115
124 -300
125 1958
126 -754
127 1348
128 -1555
129 -1629
130 -304
131 68
132 -65
133 1574
134 -1882
135 737
136 9
137 -697
138 -147
139 -1000
140 1108
141 961
142 -1129
143 1866
144 -1430
145 923
146 -362
147 683
148 -1071
149 -486
150 -887
151 1144
152 -111
153 592
154 -1840
155 -948
156 1071
157 1157
158 -1739
159 1859
160 -1726
161 -1345
162 1974
163 118
164 897
165 556
166 -1375
167 918
168 -327
169 881
170 -1710
171 112
172 -861
173 -964
174 -1904
175 724
176 -394
177 -682
178 -1806
179 -54
180 -74
181 -1543
182 1608
183 1378
184 -1610
185 83
186 1780
187 -1752
188 -293
189 -948
190 -730
191 -1433
192 1820
193 589
194 1801
195 1666
196 -695
197 489
198 646
199 -1127
200 -1120
201 -799
202 -1875
203 -1778
204 590
205 630
206 -785
207 21
208 1022
209 -152
210 -1994
211 1554
212 1567
213 -1129
214 -1720
215 -315
216 415
217 -1612
218 769
219 621
220 454
221 1481
222 -1454
223 -1171
224 -800
225 456
226 1790
227 125
228 -1866
229 1333
230 1129
231 880
232 -769
233 -1004
234 1120
235 843
236 1631
237 1702
238 1167
239 778
240 844
241 1484
242 1822
243 -954
244 -1240
245 -1329
246 -38
247 1786
248 389
249 1893
250 1021
251 1581
252 -1782
253 153
254 -1141
255 -1663
256 -1196
257 -1840
258 -558
259 -337
260 -1009
261 -100
262 -1661
263 -1929
264 -1302
265 622
266 1598
267 -28
268 1143
269 1791
270 -686
271 20
272 1000
273 -1256
274 1558
275 426
276 -1467
277 1999
278 -1256
279 1050
280 919
281 -1373
282 1446
283 -1100
284 946
285 -1976
286 1911
287 181
288 -1684
289 125
290 1651
291 -298
292 -1716
293 -1392
294 -968
295 -371
296 525
297 -1110
298 -1568
299 1690
300 -867
301 -222
302 1694
303 -1517
304 -564
305 508
306 1384
307 -157
308 1843
309 -766
310 -1033
311 -1564
312 -459
313 -1354
314 353
315 -172
316 -662
317 1769
318 -269
319 -274
320 -881
321 1291
322 -1041
323 419
324 679
325 -1205
326 1898
327 -922
328 1643
329 1281
330 -522
331 -1830
332 996
333 689
334 -1010
335 -462
336 1377
337 -1297
338 1539
339 -307
340 9
341 -922
342 848
343 -648
344 -1605
345 -45
346 -812
347 1665
348 974
349 -1755
350 -676
351 956
352 1331
353 -1693
354 -137
355 836
356 1076
357 -1083
358 1004
359 1947
360 340
361 -1642
362 1186
363 898
364 -1343
365 866
366 -370
367 484
368 1456
369 -419
370 745
371 124
372 1720
373 -1599
374 1366
375 -1010
376 91
377 -1235
378 595
379 496
380 829
381 -126
382 329
383 -1468
384 -339
385 -1616
386 -760
387 -650
388 1915
389 971
390 1180
391 -1967
392 150
393 -1146
394 -1776
395 -886
396 478
397 -1321
398 -510
399 -1195
