400
0 589
1 980
2 -1995
3 30
4 -796
5 -274
6 -1388
7 -522
8 74
9 961
10 967
11 -494
12 -323
13 -1648
14 1975
15 843
16 956
17 -184
18 585
19 54
20 -413
21 661
22 916
23 1671
24 -226
25 1037
26 -1590
27 266
28 -982
29 453
30 -685
31 -1545
32 1744
33 1199
34 -916
35 288
36 -483
37 322
38 1362
39 -402
40 16
41 154
42 560
43 1654
44 -897
45 -52
46 -1183
47 -1739
48 295
49 -600
50 406
51 -780
52 1687
53 1749
54 -110
55 -935
56 1042
57 1741
58 431
59 -1592
60 -1109
61 -415
62 -1994
63 -282
64 1030
65 1347
66 -283
67 1260
68 127
69 -76
70 -711
71 -1360
72 448
73 1457
74 320
75 1750
76 12
77 -968
78 375
79 -1386
80 1752
81 -223
82 -966
83 1272
84 -898
85 399
86 280
87 -1408
88 1239
89 977
90 1007
91 -770
92 -1205
93 -1144
94 -202
95 -1155
96 -454
97 -1277
98 -93
99 -327
100 1752
101 419
102 -211
103 1100
104 -713
105 1043
106 -1964
107 -652
108 1515
109 1875
110 527
111 1063
112 -886
113 -1152
114 -1884
115 1766
116 -649
117 751
118 -159
119 -1248
120 755
121 -751
122 1191
123 -1605
124 -123
125 943
126 -1513
127 710
128 1652
129 -108
130 -221
131 155
132 405
133 1498
134 340
135 -1665
136 -575
137 1327
138 -218
139 -1263
140 -1602
141 1629
142 -255
143 909
144 1864
145 -1691
146 -580
147 -155
148 1273
149 -650
150 1928
151 522
152 -1959
153 1377
154 -282
155 172
156 -482
157 -1610
158 12
159 1139
160 -143
161 -76
162 637
163 93
164 292
165 -113
166 1270
167 949
168 -1435
169 1967
170 -1136
171 -1255
172 -693
173 963
174 -680
175 266
176 -1530
177 -1526
178 1757
179 1785
180 -295
181 166
182 481
183 1457
184 -1704
185 -761
186 -808
187 953
188 718
189 -1428
190 264
191 1201
192 -975
193 1159
194 1890
195 485
196 -794
197 1921
198 1441
199 1467
200 432
201 36
202 377
203 1324
204 1471
205 -827
206 -1903
207 -1516
208 814
209 -669
210 -516
211 -276
212 -1702
213 1708
214 1477
215 -1856
216 467
217 434
218 -1367
219 0
220 1899
221 446
222 -911
223 -315
224 1790
225 -1136
226 865
227 830
228 1220
229 253
230 -1792
231 -610
232 1289
233 751
234 -60
235 -1716
236 1612
237 157
238 1314
239 -1286
240 -388
241 -1248
242 674
243 -1088
244 1001
245 -1960
246 -1062
247 -379
248 -644
249 -574
250 7
251 1370
252 1046
253 83
254 -1679
255 -256
256 -1267
257 -1257
258 456
259 783
260 1839
261 824
262 376
263 991
264 1425
265 197
266 -1246
267 -1621
268 408
269 1654
270 71
271 -1896
272 -420
273 1171
274 932
275 -467
276 31
277 1628
278 -1539
279 1354
280 -1339
281 1796
282 1862
283 815
284 -99
285 -582
286 1555
287 1600
288 908
289 733
290 -1997
291 169
292 244
293 -1103
294 -925
295 -278
296 -165
297 231
298 485
299 -353
300 527
301 914
302 921
303 -669
304 853
305 -1527
306 -289
307 -1709
308 1409
309 1381
310 -1988
311 -1233
312 -506
313 1485
314 1075
315 -1892
316 1316
317 717
318 1635
319 -1849
320 -302
321 -549
322 -1459
323 1313
324 1859
325 161
326 1965
327 -622
328 996
329 301
330 -1917
331 -752
332 -1711
333 1344
334 -1785
335 1980
336 1826
337 -1579
338 949
339 -574
340 829
341 -1976
342 -1675
343 -1834
344 -482
345 337
346 1656
347 -897
348 179
349 618
350 1573
351 -933
352 1176
353 1742
354 1736
355 -1664
356 1865
357 1597
358 189
359 -1662
360 -1057
361 -1558
362 1447
363 -1713
364 1057
365 -276
366 1702
367 895
368 502
369 79
370 1792
371 -1481
372 -1390
373 -1946
374 -1323
375 1678
376 1132
377 1856
378 -612
379 -1689
380 -1347
381 -1441
382 687
383 -799
384 851
385 -1062
386 -673
387 339
388 -578
389 -1856
390 -1200
391 627
392 666
393 1990
394 1047
395 1000
396 -1350
397 -449
398 -524
399 -1882
