400
0 1002
1 -654
2 297
3 -627
4 426
5 1914
6 245
7 1451
8 1793
9 1826
10 -199
11 71
12 -1323
13 -1179
14 30
15 1581
16 391
17 351
18 1932
19 -634
20 -652
21 1030
22 1922
23 -1567
24 -1858
25 -370
26 -1371
27 1366
28 1197
29 -1983
30 -1274
31 1592
32 -1040
33 936
34 -269
35 -1863
36 -277
37 -1583
38 -282
39 -332
40 -168
41 -1701
42 1057
43 -1287
44 645
45 974
46 -284
47 969
48 1784
49 -1389
50 1788
51 -897
52 -1710
53 1153
54 373
55 -1425
56 1799
57 -691
58 1455
59 1164
60 -555
61 616
62 -1601
63 884
64 1444
65 -923
66 1693
67 -66
68 -1762
69 -1172
70 -930
71 1600
72 65
73 -101
74 1590
75 1907
76 -855
77 47
78 1911
79 -1004
80 446
81 -497
82 728
83 -1055
84 410
85 -1248
86 1325
87 -813
88 -279
89 -1931
90 580
91 1940
92 -1977
93 -485
94 -1338
95 -516
96 -1263
97 -1537
98 1308
99 -216
100 1160
101 -1476
102 1388
103 -1004
104 -1364
105 -220
106 524
107 1728
108 -924
109 -30
110 815
111 1774
112 909
113 327
114 -1921
115 609
116 -970
117 -100
118 -273
119 -1032
120 -772
121 102
122 -1913
123 -1814
124 168
125 -1596
126 226
127 -1923
128 -390
129 -1852
130 -84
131 60
132 -1009
133 878
134 -1614
135 396
136 -673
137 60
138 -342
139 -524
140 -1843
141 -1051
142 -1515
143 -1252
144 471
145 460
146 -1855
147 583
148 -1773
149 729
150 -735
151 1660
152 1971
153 -588
154 -459
155 -664
156 -1600
157 1349
158 -443
159 558
160 1665
161 -1445
162 830
163 -716
164 -799
165 1677
166 -81
167 -1057
168 1763
169 -1876
170 -144
171 -870
172 -1589
173 -815
174 411
175 187
176 -979
177 902
178 1758
179 -1140
180 1825
181 -757
182 -441
183 1308
184 720
185 -1062
186 -1986
187 -757
188 -1810
189 -951
190 -794
191 -407
192 -394
193 911
194 716
195 -1299
196 1690
197 -873
198 -1992
199 629
200 1337
201 1917
202 -498
203 393
204 -1722
205 -111
206 -873
207 937
208 1728
209 376
210 733
211 1360
212 1205
213 -966
214 -862
215 1474
216 -929
217 1107
218 71
219 1040
220 121
221 532
222 -355
223 1695
224 470
225 -50
226 -296
227 285
228 -766
229 151
230 938
231 -1138
232 1477
233 1064
234 -1738
235 1697
236 -252
237 -773
238 1105
239 -1260
240 -361
241 1457
242 117
243 1242
244 -1380
245 1137
246 -1242
247 1435
248 1462
249 -1088
250 -1854
251 667
252 -1266
253 -1598
254 -1117
255 -96
256 -1168
257 366
258 1417
259 1488
260 -128
261 -1986
262 878
263 382
264 -1587
265 1596
266 187
267 1965
268 -633
269 1513
270 109
271 330
272 1071
273 -497
274 -283
275 -1181
276 -68
277 653
278 1892
279 -307
280 -936
281 -977
282 1890
283 -875
284 366
285 -959
286 621
287 -1883
288 298
289 414
290 -1221
291 1040
292 -234
293 1156
294 -74
295 1575
296 1305
297 943
298 -67
299 -981
300 -1924
301 667
302 -240
303 698
304 -2000
305 -435
306 -194
307 1870
308 302
309 332
310 2000
311 -1301
312 -640
313 -1472
314 1306
315 -656
316 -854
317 1914
318 392
319 -1572
320 -477
321 -16
322 -900
323 1422
324 -1086
325 -1128
326 1402
327 -319
328 1903
329 1975
330 1839
331 541
332 665
333 -1808
334 1813
335 -1831
336 910
337 -1761
338 -1318
339 1965
340 67
341 -479
342 720
343 -273
344 -1746
345 -1267
346 -306
347 -1293
348 -1934
349 1555
350 747
351 -31
352 799
353 399
354 1306
355 1255
356 327
357 1093
358 252
359 1376
360 416
361 -1262
362 -95
363 -766
364 -757
365 684
366 1043
367 1373
368 1154
369 -915
370 1868
371 1713
372 1386
373 -1625
374 -179
375 -1371
376 -1668
377 1378
378 330
379 -1810
380 -1649
381 427
382 9
383 1509
384 1939
385 385
386 1255
387 -1620
388 -600
389 346
390 1642
391 -1341
392 -1150
393 1242
394 -902
395 -958
396 -129
397 -322
398 1887
399 1691
