400
0 116
1 497
2 -1247
3 893
4 -31
5 -43
6 453
7 1717
8 -323
9 888
10 -1074
11 -378
12 1681
13 703
14 -1461
15 -1797
16 166
17 -837
18 -1220
19 -575
20 -663
21 387
22 903
23 1708
24 886
25 1646
26 867
27 211
28 -650
29 -1137
30 1532
31 -248
32 -1439
33 -831
34 -1898
35 928
36 1455
37 -360
38 -1744
39 -440
40 1543
41 523
42 -311
43 -1146
44 1987
45 -1078
46 -799
47 1166
48 -1927
49 -931
50 -962
51 848
52 -311
53 494
54 -1257
55 1416
56 -1006
57 -485
58 1931
59 442
60 -1583
61 1923
62 -921
63 -519
64 -1969
65 -265
66 331
67 433
68 -1285
69 -1216
70 656
71 1732
72 331
73 646
74 1598
75 820
76 1316
77 -995
78 -722
79 1425
80 -1141
81 -629
82 -1806
83 -799
84 1056
85 -1427
86 -1289
87 -873
88 545
89 -1415
90 690
91 1214
92 -1262
93 1899
94 -793
95 -1400
96 -1934
97 1802
98 1581
99 474
100 -164
101 -1922
102 -547
103 -1913
104 1921
105 780
106 -329
107 237
108 1366
109 -1460
110 432
111 -1131
112 1779
113 1053
114 -599
115 1237
116 -362
117 1579
118 108
119 -1356
120 -1514
121 903
122 418
123 453
124 -1735
125 -1947
126 1177
127 -1505
128 -1333
129 -1986
130 -732
131 -1436
132 1525
133 -1805
134 1183
135 -847
136 -1840
137 -442
138 -47
139 -142
140 756
141 -1437
142 -1328
143 -1789
144 1675
145 797
146 -1968
147 1638
148 -1933
149 1931
150 -737
151 -468
152 -726
153 -1272
154 864
155 -1914
156 712
157 -1908
158 -1887
159 -1108
160 979
161 -609
162 1022
163 443
164 -722
165 -739
166 179
167 -1103
168 690
169 -1119
170 -1422
171 -1591
172 1986
173 1774
174 244
175 -776
176 -1150
177 334
178 1474
179 1585
180 -110
181 713
182 -1176
183 1410
184 847
185 -1739
186 -1327
187 475
188 -591
189 1530
190 -689
191 -745
192 1608
193 1569
194 -169
195 -1588
196 -380
197 1883
198 -1830
199 -1595
200 -752
201 -1726
202 -207
203 -646
204 1332
205 -1624
206 -1832
207 -1759
208 1562
209 -523
210 1560
211 -885
212 -173
213 1149
214 1850
215 -225
216 739
217 1470
218 -1762
219 -1212
220 1788
221 774
222 77
223 67
224 -1976
225 304
226 -1572
227 -1330
228 423
229 -68
230 -178
231 -629
232 -1426
233 -1900
234 -1408
235 1411
236 -541
237 1859
238 -1965
239 1268
240 633
241 1780
242 -404
243 -799
244 -500
245 -408
246 1902
247 1291
248 -1382
249 1804
250 1651
251 -651
252 -675
253 1175
254 -1931
255 113
256 1415
257 108
258 -750
259 -835
260 -1434
261 945
262 -1514
263 348
264 273
265 -506
266 -1841
267 723
268 -117
269 1524
270 -795
271 599
272 763
273 545
274 504
275 1696
276 497
277 -756
278 -935
279 -821
280 741
281 -1547
282 -845
283 -829
284 805
285 1610
286 1554
287 -621
288 -1782
289 1136
290 1204
291 -1248
292 -1688
293 -1737
294 1674
295 -1316
296 -634
297 -533
298 331
299 -1009
300 331
301 -1276
302 -433
303 -464
304 115
305 -1724
306 -1767
307 -1553
308 -939
309 1072
310 -1711
311 382
312 -335
313 -22
314 763
315 -61
316 1095
317 -1953
318 -1814
319 -1461
320 648
321 903
322 -36
323 1106
324 -1985
325 -841
326 -1985
327 1276
328 -1734
329 -858
330 1934
331 -1926
332 1063
333 653
334 -1668
335 1585
336 1066
337 1248
338 -692
339 -1250
340 -1882
341 -1664
342 609
343 714
344 1458
345 -45
346 -1725
347 1057
348 828
349 1914
350 -742
351 -1926
352 266
353 -1988
354 -1948
355 171
356 1919
357 -738
358 1935
359 211
360 -319
361 1767
362 -500
363 -1176
364 805
365 1376
366 -938
367 -872
368 -881
369 -1402
370 -1347
371 1372
372 674
373 357
374 987
375 1577
376 -1236
377 1011
378 854
379 1269
380 -1073
381 247
382 -529
383 -377
384 -1746
385 -1713
386 -1332
387 -1833
388 632
389 -793
390 1262
391 -1236
392 -152
393 -1165
394 859
395 349
396 -1870
397 228
398 1956
399 -211
