400
0 740
1 -1647
2 -202
3 -980
4 439
5 302
6 706
7 -15
8 -1949
9 558
10 -1691
11 708
12 -1338
13 -556
14 1728
15 1521
16 1737
17 718
18 -1181
19 -1439
20 1782
21 -1593
22 -484
23 -907
24 1539
25 -575
26 -218
27 -1767
28 -1308
29 1126
30 1298
31 1023
32 819
33 1581
34 -1522
35 286
36 929
37 56
38 -663
39 -467
40 1029
41 1963
42 -1324
43 1748
44 -105
45 359
46 -1390
47 -1866
48 -1134
49 323
50 30
51 1790
52 -1982
53 111
54 -255
55 1035
56 482
57 1049
58 -446
59 363
60 1365
61 378
62 -27
63 -1857
64 895
65 -193
66 -1947
67 1414
68 -1225
69 -753
70 1275
71 -1968
72 -490
73 1212
74 -1511
75 -1747
76 -1705
77 944
78 -107
79 -704
80 156
81 221
82 742
83 -1183
84 -903
85 -1034
86 48
87 490
88 623
89 -1581
90 1054
91 286
92 616
93 1707
94 1782
95 -1558
96 319
97 1177
98 -1945
99 -1294
100 -1073
101 -996
102 -1293
103 701
104 474
105 1702
106 1754
107 -250
108 -407
109 -284
110 -374
111 -1929
112 202
113 -1406
114 -133
115 -23
116 -141
117 -833
118 1416
119 -1355
120 1493
121 -1937
122 -1773
123 240
124 373
125 628
126 88
127 1767
128 1784
129 289
130 712
131 1968
132 -656
133 1453
134 1932
135 1354
136 -1933
137 -1329
138 10
139 -8
140 1906
141 -583
142 1821
143 1372
144 -176
145 -1525
146 -1749
147 498
148 -493
149 -434
150 -1616
151 1118
152 -131
153 1482
154 -306
155 -1940
156 357
157 -1402
158 -1435
159 -1170
160 1883
161 -686
162 1762
163 -1288
164 1571
165 1125
166 -1792
167 1172
168 103
169 -1579
170 -29
171 -934
172 1283
173 -641
174 1354
175 -141
176 -1411
177 1062
178 183
179 1436
180 -1616
181 -1308
182 -1323
183 -234
184 668
185 1482
186 1509
187 840
188 323
189 252
190 392
191 1265
192 -1711
193 1083
194 -318
195 -442
196 631
197 891
198 503
199 981
200 -1937
201 -1399
202 876
203 -329
204 -1855
205 856
206 1375
207 -231
208 770
209 -1997
210 245
211 -33
212 -1154
213 1539
214 -522
215 -1167
216 -1378
217 1126
218 -1017
219 -451
220 162
221 51
222 1086
223 1053
224 39
225 74
226 -150
227 345
228 608
229 -763
230 -97
231 597
232 -983
233 -1049
234 -1059
235 803
236 1286
237 43
238 -929
239 53
240 888
241 -711
242 358
243 -293
244 -1474
245 824
246 -824
247 -1197
248 310
249 -1745
250 -188
251 -267
252 1798
253 -964
254 -173
255 121
256 -1748
257 9
258 1806
259 1867
260 -1367
261 686
262 1238
263 1213
264 418
265 -50
266 -446
267 -252
268 940
269 -1473
270 -1529
271 1585
272 366
273 -1366
274 -1631
275 1339
276 1821
277 794
278 -1393
279 1673
280 714
281 -1231
282 -764
283 -1358
284 1890
285 968
286 462
287 -816
288 326
289 -457
290 1729
291 -637
292 -304
293 1278
294 564
295 1582
296 1170
297 1780
298 1344
299 -1524
300 1841
301 413
302 990
303 1492
304 847
305 -1129
306 -1667
307 1715
308 1135
309 693
310 324
311 949
312 863
313 1200
314 1326
315 -26
316 373
317 -1290
318 28
319 21
320 -1333
321 -325
322 1268
323 974
324 964
325 1673
326 -1139
327 1712
328 346
329 1460
330 -1334
331 -1597
332 -1156
333 6
334 1352
335 -1965
336 -492
337 -385
338 -1286
339 -522
340 -436
341 -1891
342 1877
343 -1907
344 -149
345 1384
346 1405
347 -1013
348 -82
349 -1220
350 1679
351 -502
352 1209
353 283
354 -755
355 801
356 1913
357 1105
358 1547
359 -1488
360 -582
361 -333
362 1424
363 1082
364 1365
365 -1872
366 -1159
367 838
368 -1634
369 1619
370 469
371 532
372 1647
373 621
374 -901
375 302
376 -231
377 523
378 332
379 549
380 178
381 135
382 228
383 1005
384 480
385 -705
386 -97
387 948
388 -1683
389 -580
390 702
391 -1531
392 981
393 -1787
394 1981
395 1993
396 -251
397 -1164
398 -1970
399 -1991
