400
0 1744
1 -1937
2 -1064
3 1563
4 -1075
5 -1517
6 659
7 -1467
8 871
9 1311
10 -131
11 -768
12 -381
13 1682
14 646
15 1134
16 1406
17 -448
18 -982
19 1572
20 -50
21 -1693
22 -1686
23 202
24 770
25 -1056
26 -1971
27 -1613
28 952
29 954
30 157
31 -1749
32 616
33 -1808
34 -1255
35 1421
36 -1174
37 592
38 1299
39 -399
40 669
41 -839
42 955
43 140
44 -1111
45 618
46 586
47 -268
48 -550
49 -360
50 -641
51 1102
52 -297
53 1939
54 413
55 1838
56 -347
57 1297
58 -176
59 1965
60 854
61 -442
62 -1077
63 1200
64 1656
65 1711
66 1869
67 1920
68 1884
69 -48
70 285
71 619
72 -500
73 0
74 726
75 626
76 -732
77 1854
78 1320
79 1573
80 -1228
81 -635
82 -441
83 -1306
84 1478
85 937
86 -712
87 1459
88 682
89 969
90 1739
91 1201
92 -1731
93 1819
94 1343
95 -107
96 1986
97 -1137
98 -608
99 -1351
100 -1218
101 1543
102 1270
103 -902
104 1178
105 679
106 491
107 816
108 1745
109 -1425
110 -162
111 735
112 1571
113 1255
114 -1340
115 641
116 75
117 -70
118 -1109
119 1042
120 -413
121 1848
122 1889
123 -269
124 -1381
125 -1877
126 844
127 1678
128 1521
129 -306
130 -1283
131 -362
132 -193
133 -1241
134 -358
135 482
136 -418
137 -345
138 1293
139 622
140 1215
141 -1820
142 1425
143 -284
144 1271
145 368
146 1699
147 -492
148 -946
149 -274
150 -144
151 -914
152 1880
153 -1576
154 463
155 1881
156 -1563
157 -306
158 -688
159 -500
160 334
161 -545
162 348
163 -1715
164 653
165 -1811
166 -128
167 -459
168 1320
169 -490
170 192
171 333
172 1676
173 -217
174 -365
175 -1137
176 -1477
177 -465
178 -413
179 -1435
180 -630
181 -1039
182 490
183 -896
184 673
185 -1067
186 -252
187 223
188 1212
189 -1249
190 -549
191 945
192 1721
193 1386
194 1619
195 -497
196 172
197 1429
198 1670
199 718
200 -705
201 1946
202 -1442
203 58
204 -1442
205 1665
206 1350
207 1468
208 -215
209 -77
210 504
211 -1095
212 -122
213 -1182
214 1828
215 -1999
216 -1789
217 1048
218 893
219 -796
220 659
221 -756
222 1933
223 620
224 928
225 -1725
226 515
227 1912
228 263
229 -1659
230 -1418
231 -1926
232 1518
233 1237
234 535
235 449
236 -76
237 -1618
238 363
239 -1731
240 -721
241 35
242 1964
243 -932
244 421
245 -497
246 1748
247 311
248 -108
249 1902
250 -714
251 -1064
252 859
253 820
254 -301
255 -680
256 -1611
257 586
258 -881
259 -105
260 1256
261 -253
262 511
263 -47
264 1909
265 -1737
266 1429
267 918
268 54
269 127
270 -876
271 562
272 1030
273 1695
274 -10
275 -206
276 261
277 -313
278 1418
279 101
280 12
281 1676
282 -1997
283 656
284 -1166
285 1217
286 -1132
287 284
288 1803
289 -1599
290 1061
291 470
292 1822
293 -1717
294 -1058
295 -1791
296 1809
297 -566
298 -1382
299 453
300 -717
301 -1920
302 1482
303 1919
304 -881
305 869
306 -1736
307 805
308 1590
309 -1534
310 -639
311 -1447
312 -326
313 25
314 -931
315 310
316 -700
317 660
318 1882
319 897
320 807
321 -154
322 1367
323 53
324 -1943
325 833
326 777
327 1900
328 1390
329 -1392
330 895
331 1100
332 -662
333 1127
334 1450
335 974
336 1238
337 1515
338 1060
339 -108
340 -837
341 -419
342 -1271
343 -793
344 760
345 -1446
346 1658
347 1396
348 152
349 820
350 149
351 909
352 -376
353 600
354 -1712
355 1564
356 -1485
357 -1582
358 188
359 -1427
360 -48
361 -585
362 1386
363 1327
364 -1823
365 -1534
366 -35
367 -1888
368 1047
369 1720
370 686
371 1509
372 -1488
373 1056
374 -1885
375 -860
376 -256
377 332
378 943
379 387
380 -525
381 1720
382 -36
383 730
384 -305
385 -1590
386 -650
387 -1561
388 -955
389 63
390 -1650
391 -272
392 -1510
393 -1165
394 786
395 25
396 -558
397 1612
398 1238
399 1671
