400
0 -1634
1 -1232
2 855
3 -1553
4 -604
5 1371
6 622
7 -1794
8 -408
9 -1157
10 711
11 682
12 1192
13 -1390
14 -376
15 -166
16 -960
17 17
18 1121
19 -1096
20 621
21 -1500
22 -602
23 746
24 1973
25 695
26 -899
27 593
28 -1613
29 1735
30 -165
31 1641
32 -505
33 1135
34 -876
35 1116
36 -1243
37 1852
38 -776
39 742
40 339
41 924
42 -1527
43 -349
44 550
45 -1847
46 442
47 1406
48 1908
49 -1732
50 -1309
51 1694
52 678
53 992
54 1716
55 -983
56 1448
57 1970
58 -1626
59 -587
60 1905
61 -1
62 210
63 -104
64 -135
65 815
66 120
67 1833
68 -674
69 320
70 1664
71 820
72 -880
73 1069
74 -1044
75 1313
76 972
77 133
78 43
79 -219
80 189
81 686
82 -536
83 -1985
84 6
85 1947
86 1997
87 -139
88 -1566
89 1312
90 1230
91 -1072
92 -1416
93 -196
94 1449
95 1313
96 -1393
97 -1657
98 -1517
99 1511
100 788
101 70
102 1098
103 1511
104 -1961
105 1958
106 640
107 -1793
108 -792
109 731
110 1243
111 -845
112 1713
113 1335
114 -1095
115 983
116 855
117 1478
118 1344
119 1551
120 483
121 -3
122 -735
123 1989
124 1761
125 -1428
126 696
127 1024
128 -1715
129 -64
130 -379
131 1140
132 1894
133 963
134 -1516
135 -168
136 -377
137 735
138 -429
139 498
140 586
141 1055
142 -1879
143 1305
144 -1628
145 1025
146 -894
147 681
148 658
149 29
150 1504
151 587
152 1042
153 -1022
154 -747
155 -186
156 475
157 -302
158 -1401
159 1030
160 -969
161 760
162 938
163 -87
164 1528
165 -472
166 1328
167 -1867
168 -379
169 596
170 -1855
171 -860
172 1956
173 -1301
174 -1984
175 -1883
176 -1583
177 354
178 -1136
179 -596
180 535
181 -647
182 1194
183 -1627
184 -1541
185 1455
186 740
187 -1650
188 654
189 -82
190 -896
191 1862
192 -1313
193 1168
194 -228
195 92
196 970
197 -1602
198 -1547
199 -719
200 1227
201 -1554
202 -535
203 756
204 -1776
205 -1504
206 677
207 -316
208 1741
209 1882
210 -1946
211 -1508
212 1458
213 -1733
214 1184
215 -565
216 110
217 -1479
218 147
219 -1058
220 701
221 93
222 -404
223 -52
224 1910
225 -599
226 -501
227 -1054
228 1198
229 1282
230 -147
231 1816
232 -160
233 -1063
234 -1365
235 -1313
236 -93
237 -1860
238 38
239 -1746
240 -542
241 1726
242 -36
243 1922
244 789
245 259
246 230
247 182
248 -1319
249 577
250 -1188
251 -1096
252 937
253 19
254 -368
255 -887
256 953
257 708
258 1097
259 -1268
260 -369
261 -28
262 -1898
263 -1777
264 1952
265 1130
266 -1231
267 1344
268 1985
269 1236
270 -743
271 1023
272 -1231
273 1948
274 -1790
275 -197
276 -582
277 730
278 306
279 1471
280 -249
281 1104
282 -159
283 -175
284 -357
285 59
286 1659
287 1170
288 -258
289 1028
290 1967
291 56
292 -17
293 533
294 -681
295 1227
296 460
297 -1393
298 -1612
299 -1668
300 -129
301 572
302 1507
303 -1225
304 1773
305 1082
306 854
307 -851
308 1833
309 -405
310 -501
311 -31
312 1438
313 -76
314 -230
315 959
316 699
317 -1314
318 -202
319 1277
320 -1371
321 -1416
322 539
323 -1918
324 -1935
325 -41
326 -1998
327 -162
328 100
329 -670
330 -96
331 -389
332 -1894
333 -1091
334 -1875
335 424
336 492
337 691
338 1337
339 -1909
340 618
341 -827
342 1488
343 -523
344 1059
345 -1275
346 1695
347 11
348 -1908
349 -1869
350 1686
351 213
352 -1839
353 1071
354 -1448
355 366
356 -1834
357 -302
358 1001
359 -1268
360 -349
361 711
362 -901
363 508
364 -1927
365 684
366 1846
367 -411
368 -185
369 -568
370 805
371 1330
372 1641
373 953
374 -1194
375 518
376 718
377 -768
378 870
379 1990
380 -1523
381 1278
382 505
383 1619
384 1726
385 48
386 349
387 -1708
388 776
389 1550
390 -801
391 -131
392 1636
393 -1293
394 -696
395 115
396 678
397 746
398 -1308
399 -1593
