400
0 -999
1 -450
2 -133
3 -544
4 1787
5 -772
6 1678
7 882
8 -557
9 -943
10 -1264
11 -154
12 -549
13 -819
14 -889
15 -1729
16 1521
17 -1025
18 1069
19 -1909
20 -227
21 1816
22 1820
23 1347
24 -740
25 -1882
26 -1351
27 -52
28 1921
29 1337
30 -162
31 -437
32 -1373
33 1057
34 655
35 -302
36 1122
37 -1585
38 -1728
39 -986
40 -1530
41 -995
42 -458
43 -519
44 -153
45 -866
46 -1445
47 1131
48 -1608
49 -803
50 -635
51 689
52 -1906
53 1910
54 101
55 -463
56 -623
57 1457
58 -1825
59 -20
60 1787
61 -957
62 -951
63 -923
64 1742
65 -1628
66 -489
67 1192
68 973
69 158
70 1732
71 -862
72 -1308
73 1592
74 -281
75 -1096
76 -768
77 -1493
78 -749
79 1684
80 -552
81 391
82 1791
83 -1494
84 1770
85 -447
86 -294
87 1780
88 -71
89 1847
90 -1614
91 -1792
92 -1333
93 1184
94 1866
95 -1617
96 983
97 1868
98 -90
99 1623
100 -1214
101 1340
102 -132
103 1762
104 1245
105 -1194
106 1211
107 1137
108 -912
109 -434
110 1123
111 569
112 -1654
113 302
114 899
115 1255
116 1722
117 379
118 1784
119 -945
120 692
121 565
122 537
123 -1694
124 -1091
125 -1815
126 -270
127 1964
128 -680
129 715
130 -1469
131 -864
132 -1692
133 -648
134 -909
135 1742
136 -720
137 1941
138 -1441
139 418
140 1560
141 -1343
142 -1960
143 1175
144 446
145 1914
146 -1353
147 -419
148 -428
149 -369
150 -1630
151 -1053
152 -942
153 -735
154 -1483
155 852
156 1789
157 876
158 -1694
159 1177
160 -1790
161 1939
162 -1703
163 -761
164 1129
165 -1326
166 -1064
167 -1790
168 276
169 -1732
170 724
171 -1567
172 160
173 -1136
174 -433
175 456
176 1580
177 1860
178 -95
179 -909
180 1078
181 1912
182 -840
183 1647
184 -318
185 1868
186 -1742
187 329
188 -1495
189 911
190 1299
191 1264
192 637
193 -829
194 -510
195 -514
196 -1369
197 -922
198 347
199 329
200 1741
201 346
202 -1457
203 -1837
204 -1417
205 -270
206 569
207 181
208 1722
209 1787
210 1628
211 -1191
212 1332
213 -709
214 903
215 1777
216 -1623
217 491
218 -637
219 1221
220 263
221 221
222 509
223 1048
224 -297
225 1233
226 -288
227 1078
228 -873
229 -953
230 -1620
231 203
232 853
233 -18
234 555
235 -13
236 -1272
237 1422
238 1150
239 1176
240 1557
241 -1127
242 -432
243 1064
244 344
245 -1059
246 -345
247 338
248 1753
249 -1469
250 494
251 130
252 189
253 -826
254 -1010
255 -1815
256 428
257 1823
258 -1274
259 -454
260 1707
261 1402
262 -701
263 -1325
264 262
265 -1918
266 55
267 1376
268 -258
269 -829
270 1996
271 -632
272 969
273 997
274 -1752
275 -463
276 1983
277 -1520
278 -97
279 1708
280 -1118
281 -1993
282 17
283 1515
284 439
285 1597
286 1672
287 -1306
288 -846
289 1388
290 -1991
291 -491
292 889
293 786
294 -1334
295 504
296 -812
297 -474
298 -1132
299 -1857
300 -1270
301 1980
302 659
303 -975
304 -1444
305 96
306 1975
307 -1095
308 -1203
309 -1500
310 -1340
311 -388
312 -668
313 -2
314 -457
315 -503
316 963
317 1008
318 -1940
319 -496
320 713
321 -1293
322 -1813
323 -624
324 1855
325 1482
326 978
327 -196
328 1644
329 -312
330 1399
331 664
332 -373
333 1769
334 -1743
335 -1420
336 -1346
337 1073
338 1871
339 1108
340 1751
341 1868
342 -1098
343 1609
344 -986
345 -169
346 292
347 1815
348 1604
349 1705
350 419
351 636
352 1293
353 -1432
354 -241
355 -1030
356 -1726
357 368
358 -1793
359 -87
360 224
361 1851
362 -1514
363 533
364 -1240
365 1883
366 1217
367 -49
368 -1853
369 -1224
370 1872
371 -1478
372 509
373 398
374 -24
375 -356
376 -900
377 1927
378 1140
379 525
380 -1958
381 -874
382 109
383 -1254
384 -1951
385 -160
386 629
387 -59
388 -631
389 1597
390 336
391 -1302
392 779
393 -1062
394 1862
395 -1106
396 -1892
397 229
398 629
399 -1744
