400
0 1992
1 -732
2 309
3 -837
4 1372
5 -1998
6 -310
7 1320
8 1881
9 -1027
10 -287
11 1252
12 -1123
13 1652
14 -1645
15 1960
16 -1356
17 1638
18 1816
19 -286
20 537
21 -1788
22 -1439
23 1827
24 -938
25 258
26 -1430
27 -112
28 751
29 -640
30 -1430
31 55
32 1187
33 1374
34 -1683
35 1305
36 -1598
37 -10
38 50
39 251
40 -1701
41 1514
42 749
43 -895
44 -419
45 1804
46 -138
47 1509
48 521
49 -1420
50 -1192
51 752
52 -1353
53 -205
54 66
55 -318
56 -1004
57 1499
58 1089
59 -343
60 -737
61 -850
62 -1175
63 -1864
64 1070
65 -1662
66 -449
67 907
68 975
69 178
70 -331
71 -1651
72 -1581
73 1427
74 -933
75 -212
76 69
77 -1915
78 1827
79 1509
80 -104
81 -889
82 -659
83 471
84 -1317
85 -92
86 1630
87 -1136
88 -32
89 -1110
90 -1581
91 -1075
92 -1209
93 -770
94 906
95 1548
96 1491
97 1753
98 1439
99 874
100 461
101 -170
102 1013
103 1903
104 -1185
105 1287
106 -1169
107 -281
108 -1339
109 -530
110 1910
111 -1078
112 -1256
113 1760
114 1738
115 -742
116 1437
117 1949
118 -1457
119 -838
120 1562
121 -1798
122 -595
123 -1228
124 -701
125 1457
126 494
127 1494
128 842
129 -827
130 -1727
131 -1234
132 1850
133 185
134 1034
135 -302
136 1500
137 -598
138 983
139 1144
140 -686
141 1780
142 1582
143 1057
144 835
145 819
146 1653
147 745
148 -1798
149 1773
150 582
151 -1101
152 -1548
153 1373
154 1857
155 -757
156 780
157 -1451
158 -1800
159 -182
160 -1179
161 -1817
162 248
163 -1886
164 1541
165 -919
166 -954
167 -274
168 -787
169 1
170 1761
171 -1491
172 1496
173 -1517
174 -1882
175 1142
176 946
177 -577
178 949
179 -1641
180 1814
181 -1397
182 -1459
183 918
184 -1810
185 -1679
186 358
187 1159
188 762
189 1448
190 1883
191 360
192 1417
193 1565
194 843
195 -1817
196 -1290
197 903
198 967
199 1559
200 -768
201 135
202 982
203 1466
204 -105
205 1784
206 274
207 -69
208 1917
209 -1867
210 1294
211 826
212 1143
213 -217
214 -150
215 344
216 433
217 1709
218 -342
219 1226
220 -341
221 -621
222 -1743
223 1348
224 1493
225 -56
226 528
227 867
228 -47
229 402
230 -1612
231 47
232 -605
233 -22
234 -1115
235 876
236 -1589
237 -1461
238 1907
239 307
240 -382
241 1035
242 419
243 1658
244 50
245 1868
246 28
247 1256
248 -1197
249 -163
250 -94
251 606
252 1581
253 -1643
254 -1596
255 -242
256 247
257 -460
258 -1917
259 1140
260 1298
261 -1986
262 1636
263 -1439
264 1412
265 -1983
266 118
267 1832
268 -515
269 -930
270 814
271 196
272 -793
273 1349
274 1433
275 -496
276 1342
277 -735
278 1426
279 1515
280 229
281 1778
282 371
283 -1389
284 -404
285 98
286 -1631
287 1885
288 117
289 -1164
290 -685
291 641
292 -227
293 362
294 544
295 -940
296 954
297 -1108
298 -1036
299 -919
300 1800
301 526
302 -835
303 1330
304 -890
305 536
306 1686
307 551
308 -1270
309 -1070
310 -1961
311 -216
312 -772
313 -635
314 -1963
315 1498
316 1151
317 1165
318 -925
319 769
320 463
321 27
322 -158
323 -1281
324 854
325 -1194
326 -958
327 -1403
328 -1136
329 -1875
330 -955
331 -1006
332 -505
333 -418
334 676
335 312
336 318
337 1567
338 1974
339 -689
340 -923
341 -1596
342 -1937
343 1593
344 -1432
345 -1188
346 279
347 376
348 -1930
349 675
350 281
351 -1501
352 -201
353 51
354 -953
355 1533
356 -1294
357 -979
358 1317
359 -602
360 888
361 -1454
362 -190
363 609
364 -1371
365 1036
366 31
367 -1871
368 -1279
369 492
370 535
371 161
372 201
373 786
374 -892
375 -386
376 867
377 907
378 -61
379 -743
380 90
381 -245
382 1890
383 1991
384 161
385 -1140
386 -938
387 1862
388 -155
389 -564
390 440
391 -50
392 -1425
393 -408
394 641
395 -1084
396 -117
397 -1548
398 1247
399 1477
