400
0 1069
1 -1371
2 270
3 1666
4 251
5 -639
6 125
7 -743
8 -841
9 -869
10 -950
11 -1869
12 -1938
13 -672
14 960
15 -53
16 1627
17 -887
18 1711
19 -1323
20 -1841
21 -1712
22 196
23 -1197
24 949
25 1647
26 928
27 1319
28 -326
29 -535
30 -860
31 1186
32 -497
33 -177
34 669
35 -128
36 -572
37 1594
38 -702
39 -575
40 1159
41 -1817
42 436
43 -377
44 -677
45 -522
46 666
47 1199
48 1489
49 -1616
50 1624
51 694
52 480
53 1421
54 -1654
55 -1794
56 -697
57 -345
58 -1506
59 993
60 1661
61 570
62 1270
63 226
64 809
65 -838
66 -1348
67 107
68 -1753
69 -1967
70 1696
71 -300
72 819
73 -292
74 -1272
75 1956
76 1650
77 285
78 -190
79 -1344
80 -656
81 -1039
82 -300
83 1067
84 1044
85 -782
86 973
87 -1478
88 1735
89 -1686
90 289
91 -1028
92 -1842
93 -902
94 -1196
95 1677
96 1426
97 -772
98 1638
99 -497
100 -108
101 -11
102 688
103 1344
104 -19
105 986
106 -185
107 -1085
108 -342
109 1641
110 217
111 -1595
112 -407
113 180
114 -1414
115 -1096
116 1773
117 969
118 -751
119 1948
120 617
121 -830
122 -220
123 100
124 -17
125 1495
126 379
127 -1197
128 -1561
129 -1033
130 804
131 -234
132 604
133 -1898
134 1644
135 1031
136 1241
137 -288
138 -825
139 1671
140 508
141 -1369
142 1531
143 1883
144 86
145 -542
146 130
147 1751
148 1680
149 -435
150 -913
151 -1316
152 -1558
153 -1698
154 1924
155 1396
156 -866
157 -1409
158 -446
159 -470
160 -721
161 519
162 466
163 -1694
164 674
165 172
166 900
167 -275
168 -1093
169 -173
170 -1529
171 1349
172 -1932
173 -485
174 1507
175 1981
176 -420
177 -1209
178 -1285
179 -895
180 992
181 814
182 -1204
183 620
184 -918
185 673
186 -391
187 -782
188 1322
189 1571
190 1339
191 -913
192 1380
193 -65
194 1652
195 -750
196 1398
197 -372
198 -570
199 -1749
200 1916
201 -1085
202 1566
203 -372
204 1991
205 -1136
206 -1758
207 258
208 1915
209 -1954
210 -1421
211 1475
212 1788
213 -523
214 512
215 -1517
216 -1508
217 1181
218 -1710
219 735
220 -1493
221 1322
222 -737
223 -1508
224 -1889
225 -1797
226 -332
227 -1055
228 1960
229 -1770
230 714
231 154
232 144
233 761
234 -1401
235 1583
236 -350
237 -1409
238 146
239 -1996
240 478
241 412
242 -609
243 885
244 1092
245 192
246 -1320
247 -646
248 1479
249 -1046
250 786
251 -1596
252 1714
253 -1549
254 -1219
255 -225
256 1273
257 -541
258 -383
259 -500
260 -1117
261 240
262 -1010
263 -795
264 1546
265 -207
266 -679
267 -1309
268 -1300
269 -1711
270 -1601
271 1129
272 -1901
273 39
274 1983
275 678
276 -607
277 -1560
278 128
279 -680
280 688
281 1412
282 -702
283 -1136
284 948
285 -174
286 861
287 1499
288 369
289 1525
290 -1811
291 687
292 192
293 174
294 -754
295 826
296 -1784
297 93
298 1477
299 -198
300 -980
301 422
302 -1084
303 575
304 -1606
305 1226
306 7
307 -1216
308 -168
309 272
310 1823
311 936
312 39
313 -1545
314 -954
315 1734
316 -1567
317 1887
318 1355
319 -845
320 898
321 1941
322 238
323 847
324 -1458
325 1607
326 -670
327 -580
328 1992
329 309
330 -1893
331 204
332 1026
333 -381
334 -22
335 -1875
336 85
337 -278
338 1644
339 -1992
340 1839
341 101
342 348
343 -1902
344 1606
345 27
346 1445
347 -1216
348 -743
349 -1450
350 1624
351 345
352 1657
353 538
354 -775
355 802
356 1708
357 879
358 385
359 -557
360 -386
361 -1252
362 82
363 1714
364 -1576
365 822
366 1651
367 1699
368 962
369 1606
370 -1292
371 -1303
372 1169
373 1595
374 1794
375 -10
376 1052
377 -262
378 125
379 249
380 75
381 516
382 -818
383 -1299
384 240
385 -33
386 42
387 -1640
388 215
389 1315
390 -1302
391 -348
392 -1204
393 -320
394 1204
395 388
396 -404
397 -1773
398 961
399 352
