400
0 -1698
1 1981
2 -1190
3 -1652
4 9
5 346
6 170
7 514
8 1198
9 1378
10 -1097
11 -122
12 1076
13 -631
14 595
15 -1431
16 -601
17 1779
18 944
19 902
20 -1671
21 -514
22 -1960
23 1937
24 -218
25 1507
26 -345
27 76
28 -1177
29 -403
30 -219
31 821
32 -1518
33 -930
34 -1343
35 1578
36 -1857
37 -343
38 -567
39 868
40 1303
41 1536
42 1505
43 -986
44 -923
45 -21
46 -1850
47 -1923
48 -860
49 -296
50 -871
51 1208
52 262
53 -879
54 374
55 516
56 -166
57 1531
58 -733
59 -120
60 -1545
61 -1461
62 774
63 -285
64 1860
65 -1160
66 1730
67 -1425
68 -33
69 -954
70 1749
71 1828
72 -1228
73 742
74 -312
75 -1022
76 -1679
77 -1434
78 -762
79 560
80 -681
81 -1837
82 657
83 584
84 100
85 719
86 269
87 -1865
88 -522
89 -371
90 -917
91 -1374
92 1012
93 -77
94 598
95 -1330
96 -1809
97 51
98 -1236
99 -768
100 1344
101 808
102 402
103 -615
104 1473
105 441
106 -506
107 -435
108 -250
109 -192
110 1186
111 151
112 -847
113 -960
114 -898
115 430
116 -1289
117 -815
118 317
119 276
120 926
121 922
122 -625
123 1814
124 -238
125 -1387
126 -528
127 290
128 -862
129 1153
130 545
131 1930
132 -1112
133 -688
134 382
135 1302
136 685
137 -1522
138 -534
139 -1403
140 -454
141 698
142 -389
143 -1166
144 -1440
145 1379
146 366
147 567
148 -801
149 -586
150 -1838
151 -102
152 -1399
153 693
154 -499
155 -1805
156 457
157 1801
158 1166
159 -1579
160 546
161 1048
162 -1797
163 163
164 1059
165 -664
166 674
167 -1364
168 1357
169 1819
170 102
171 1588
172 -1623
173 -813
174 -529
175 -766
176 -1494
177 347
178 804
179 -24
180 154
181 -1148
182 -257
183 1420
184 1649
185 1821
186 -129
187 370
188 -545
189 -1770
190 23
191 1842
192 -87
193 -368
194 -1690
195 1538
196 415
197 -1028
198 -1942
199 -1918
200 -662
201 914
202 1916
203 18
204 -1622
205 -243
206 798
207 -1672
208 -1747
209 623
210 1003
211 763
212 411
213 1290
214 1800
215 206
216 -1970
217 983
218 -1834
219 -933
220 -51
221 966
222 1508
223 1687
224 1900
225 311
226 1980
227 1132
228 -329
229 -544
230 476
231 -1808
232 1538
233 34
234 1174
235 692
236 609
237 807
238 1772
239 -212
240 -652
241 1465
242 254
243 1428
244 1781
245 349
246 527
247 -1897
248 314
249 1819
250 -782
251 1837
252 1567
253 808
254 -1439
255 8
256 -743
257 232
258 -884
259 -26
260 588
261 -406
262 -95
263 1236
264 -1942
265 1034
266 -1239
267 35
268 1051
269 1062
270 586
271 -1976
272 -651
273 -370
274 -1150
275 1731
276 -581
277 -126
278 -99
279 1704
280 1090
281 -1071
282 1110
283 1080
284 34
285 -483
286 1897
287 169
288 -1023
289 -927
290 -1714
291 1850
292 759
293 654
294 1581
295 1172
296 1472
297 152
298 -478
299 1376
300 -1951
301 546
302 -1117
303 408
304 -1572
305 -1485
306 -456
307 -906
308 155
309 -1664
310 1406
311 1820
312 -986
313 -159
314 -1340
315 -503
316 -78
317 -61
318 1401
319 -1270
320 -1466
321 182
322 -480
323 1650
324 -263
325 -669
326 -653
327 -734
328 -1473
329 -347
330 -1872
331 -1051
332 1803
333 -1453
334 -1012
335 1696
336 -543
337 -548
338 -684
339 -454
340 -1092
341 403
342 1694
343 1453
344 897
345 1776
346 -419
347 479
348 -267
349 -1143
350 -469
351 794
352 -1609
353 -306
354 -424
355 1458
356 689
357 1247
358 1323
359 -555
360 -87
361 -1588
362 1306
363 -23
364 599
365 1755
366 -1750
367 1947
368 699
369 -1231
370 779
371 -213
372 -884
373 1626
374 182
375 1782
376 -131
377 176
378 -1885
379 409
380 466
381 -1464
382 -1952
383 -899
384 -958
385 -1032
386 -1324
387 -1313
388 468
389 736
390 1541
391 -779
392 1435
393 -1872
394 1369
395 1668
396 741
397 -702
398 -519
399 -1761
