400
0 829
1 605
2 948
3 -1934
4 -682
5 1877
6 684
7 -1940
8 511
9 -1776
10 -1279
11 -36
12 69
13 1889
14 -819
15 93
16 -392
17 1195
18 484
19 -692
20 -267
21 1016
22 -776
23 -157
24 783
25 -282
26 802
27 -546
28 386
29 -1133
30 -761
31 -755
32 -24
33 -1872
34 965
35 -771
36 593
37 -1775
38 506
39 -557
40 206
41 -1418
42 1869
43 1526
44 -1405
45 -503
46 1173
47 -766
48 773
49 -513
50 1773
51 1795
52 -1587
53 1311
54 1340
55 1955
56 -1877
57 1473
58 -1334
59 -95
60 1862
61 1734
62 -824
63 -1012
64 1749
65 1280
66 646
67 1319
68 1642
69 -333
70 -342
71 654
72 88
73 131
74 436
75 1379
76 1092
77 1394
78 -1628
79 429
80 1328
81 -1957
82 206
83 229
84 -1876
85 -1771
86 -362
87 988
88 -1961
89 -1861
90 -925
91 -695
92 -886
93 -351
94 -1697
95 501
96 -720
97 -500
98 1709
99 1164
100 1509
101 196
102 1757
103 -851
104 1288
105 1421
106 -74
107 547
108 -171
109 -1994
110 980
111 -1468
112 18
113 613
114 58
115 -1576
116 -789
117 569
118 390
119 -1237
120 -361
121 -1946
122 486
123 231
124 -250
125 780
126 -784
127 962
128 -842
129 -958
130 -342
131 -1280
132 -651
133 -305
134 -1924
135 -459
136 870
137 879
138 1807
139 1007
140 -27
141 -200
142 -1608
143 -1698
144 1609
145 1349
146 -1122
147 1265
148 -1542
149 -1250
150 -312
151 -568
152 326
153 -462
154 230
155 -423
156 807
157 -1716
158 -1569
159 -88
160 -206
161 88
162 1516
163 622
164 -1241
165 643
166 604
167 250
168 -1149
169 -354
170 -318
171 764
172 115
173 568
174 -242
175 -771
176 -852
177 50
178 -812
179 -1609
180 975
181 -1242
182 -1730
183 -1611
184 -1702
185 952
186 -1224
187 1047
188 -54
189 616
190 659
191 1815
192 -1640
193 -310
194 -1009
195 -221
196 -445
197 -978
198 925
199 -312
200 369
201 496
202 -586
203 873
204 -1449
205 -961
206 1723
207 -443
208 -884
209 1008
210 534
211 1968
212 1903
213 -1141
214 -970
215 -810
216 1508
217 496
218 1532
219 -1591
220 1445
221 728
222 528
223 -258
224 -526
225 356
226 512
227 1361
228 848
229 -516
230 96
231 -1625
232 -1494
233 1736
234 -841
235 1806
236 288
237 1413
238 -885
239 -3
240 813
241 -423
242 -209
243 -437
244 -328
245 -675
246 1799
247 -1550
248 -607
249 -564
250 354
251 -368
252 1881
253 501
254 1586
255 -1915
256 -561
257 1090
258 568
259 1160
260 -804
261 84
262 106
263 88
264 -115
265 1246
266 850
267 1428
268 -898
269 690
270 -484
271 1198
272 -807
273 281
274 68
275 331
276 -1759
277 -1185
278 -1343
279 -729
280 -248
281 -1195
282 853
283 -425
284 1269
285 -857
286 -440
287 -1922
288 -1998
289 489
290 -564
291 623
292 -658
293 -1669
294 -1356
295 120
296 -233
297 -1078
298 1661
299 96
300 335
301 -525
302 414
303 300
304 1629
305 1697
306 -269
307 -339
308 -1221
309 -1286
310 -225
311 -683
312 1555
313 -332
314 88
315 -1920
316 -1581
317 -907
318 1453
319 -761
320 969
321 460
322 1643
323 -1183
324 1463
325 1623
326 -320
327 -677
328 -191
329 -17
330 974
331 464
332 -1301
333 -1256
334 -684
335 1332
336 90
337 147
338 671
339 995
340 896
341 -784
342 -364
343 -105
344 -553
345 903
346 1225
347 -548
348 -1233
349 -529
350 780
351 -1689
352 1958
353 1471
354 -1078
355 -745
356 -1663
357 673
358 -1667
359 -829
360 -1542
361 1732
362 206
363 -1252
364 908
365 -1843
366 1805
367 -1752
368 -1561
369 -647
370 -293
371 1062
372 208
373 1463
374 1164
375 1038
376 365
377 395
378 1514
379 131
380 908
381 -1904
382 1361
383 -1508
384 -944
385 -1833
386 -1256
387 -1142
388 -1643
389 -819
390 -54
391 -510
392 485
393 -853
394 -529
395 133
396 1825
397 1986
398 488
399 -380
