400
0 759
1 -1040
2 1871
3 207
4 1377
5 -1644
6 1797
7 1044
8 -1313
9 -294
10 1342
11 -1035
12 -1398
13 -1326
14 -1893
15 1142
16 -149
17 30
18 -422
19 1192
20 1104
21 -1152
22 -1540
23 869
24 -1257
25 -251
26 1495
27 -1899
28 -834
29 775
30 -1483
31 71
32 1682
33 -338
34 700
35 65
36 486
37 -1388
38 -1436
39 118
40 1794
41 76
42 -660
43 342
44 859
45 296
46 -1240
47 1823
48 -79
49 -1025
50 784
51 -912
52 -635
53 -1516
54 -802
55 -278
56 1568
57 -866
58 238
59 1658
60 -1293
61 -929
62 -885
63 -1734
64 -534
65 296
66 -649
67 1127
68 367
69 -1910
70 1647
71 736
72 -396
73 -61
74 410
75 562
76 1467
77 784
78 1075
79 -195
80 -879
81 -334
82 -1315
83 -839
84 1123
85 -52
86 -96
87 586
88 1618
89 121
90 1870
91 -1027
92 -960
93 -1786
94 -240
95 -1258
96 0
97 -781
98 -464
99 1125
100 -975
101 959
102 -932
103 -388
104 -1382
105 1863
106 -377
107 -149
108 1903
109 1644
110 -1057
111 1016
112 1340
113 -1127
114 1219
115 -478
116 392
117 902
118 -1021
119 -212
120 -1743
121 -118
122 -1195
123 -556
124 -123
125 996
126 670
127 -662
128 1608
129 -788
130 435
131 1688
132 -1457
133 1119
134 -1729
135 1983
136 1173
137 195
138 1500
139 1708
140 -307
141 -912
142 1644
143 478
144 1867
145 1426
146 1864
147 1167
148 -1093
149 -1690
150 -509
151 1978
152 -483
153 1054
154 1401
155 195
156 -562
157 1374
158 -221
159 -1207
160 -1657
161 -129
162 1293
163 -1596
164 -598
165 1046
166 849
167 526
168 786
169 -1980
170 273
171 -962
172 1453
173 -842
174 366
175 1495
176 1901
177 -863
178 1818
179 1187
180 454
181 -1397
182 -712
183 -865
184 -707
185 1853
186 -1386
187 793
188 -1901
189 -1509
190 -1377
191 118
192 1735
193 912
194 554
195 -1031
196 -51
197 -1426
198 -375
199 -984
200 220
201 -217
202 617
203 23
204 -497
205 -451
206 1462
207 -541
208 -234
209 723
210 -788
211 -619
212 -1480
213 180
214 1461
215 -1824
216 43
217 -1041
218 -57
219 969
220 623
221 -550
222 1572
223 -1353
224 272
225 -672
226 -1814
227 -1387
228 -549
229 1444
230 -1722
231 917
232 893
233 456
234 -1454
235 711
236 -329
237 773
238 -1807
239 1437
240 -1231
241 226
242 -977
243 1864
244 540
245 -547
246 -1146
247 -1393
248 -1564
249 1469
250 1970
251 -977
252 -518
253 808
254 -1461
255 1658
256 495
257 858
258 -709
259 561
260 1672
261 -1518
262 -511
263 -260
264 479
265 1285
266 -603
267 -899
268 538
269 1494
270 1505
271 -1813
272 -1553
273 -917
274 -1928
275 490
276 860
277 1037
278 -191
279 541
280 -1249
281 -870
282 1777
283 431
284 -1955
285 -1703
286 352
287 -1039
288 -1805
289 1289
290 880
291 -1776
292 -1973
293 -1547
294 1821
295 758
296 -500
297 1872
298 -1000
299 857
300 -1058
301 271
302 1534
303 1703
304 -41
305 -730
306 -668
307 -1908
308 80
309 -1407
310 882
311 56
312 534
313 -1881
314 -650
315 -1696
316 -1846
317 179
318 1339
319 -1594
320 518
321 -963
322 610
323 -1159
324 -578
325 19
326 -131
327 -321
328 -1610
329 -738
330 -1391
331 -1115
332 923
333 460
334 -1901
335 -270
336 1660
337 -336
338 497
339 938
340 -1854
341 1586
342 1340
343 260
344 1235
345 -1949
346 -21
347 223
348 -1749
349 -816
350 1687
351 -1349
352 -1214
353 -1877
354 1994
355 -1473
356 1558
357 650
358 -668
359 -723
360 842
361 1806
362 1451
363 63
364 982
365 -1887
366 1789
367 315
368 41
369 -1424
370 -1464
371 201
372 1894
373 4
374 1188
375 -351
376 -1311
377 609
378 436
379 1423
380 308
381 1115
382 -1552
383 -155
384 -1055
385 -30
386 1492
387 1918
388 -1879
389 866
390 -688
391 -1244
392 1227
393 -1590
394 1845
395 100
396 -1191
397 -212
398 289
399 -887
