400
0 1728
1 -1771
2 870
3 -1242
4 990
5 1842
6 93
7 509
8 -229
9 -598
10 -628
11 421
12 -679
13 820
14 212
15 90
16 955
17 907
18 315
19 1330
20 285
21 -1165
22 -497
23 1535
24 -1927
25 817
26 364
27 784
28 -707
29 1960
30 1813
31 1380
32 -1790
33 741
34 137
35 -1884
36 534
37 1828
38 1443
39 -1708
40 1404
41 1487
42 -527
43 -1758
44 465
45 1447
46 -370
47 -1167
48 1486
49 444
50 -926
51 255
52 1187
53 -522
54 560
55 1544
56 -653
57 -440
58 1880
59 7
60 -796
61 -1809
62 -849
63 409
64 1306
65 -1959
66 -304
67 1632
68 -271
69 1029
70 -1534
71 -1724
72 3
73 -393
74 -1072
75 -221
76 1454
77 1025
78 -1435
79 1079
80 -1031
81 1041
82 -1778
83 737
84 -749
85 677
86 -162
87 799
88 -187
89 -1699
90 1534
91 -766
92 -38
93 1286
94 348
95 578
96 -660
97 -1110
98 133
99 819
100 -312
101 -1705
102 59
103 517
104 -1118
105 1601
106 -1558
107 -71
108 -1646
109 1106
110 1390
111 -889
112 -1194
113 -647
114 -1731
115 1743
116 -859
117 1342
118 -1765
119 -1762
120 -803
121 94
122 -1232
123 -1193
124 -170
125 -140
126 272
127 1655
128 1595
129 -1184
130 -1925
131 -650
132 851
133 -1076
134 1080
135 781
136 -848
137 348
138 1746
139 -742
140 1294
141 1807
142 1195
143 -1359
144 -282
145 2
146 -1346
147 682
148 1243
149 -1400
150 -745
151 -1560
152 1472
153 1793
154 467
155 1378
156 -1634
157 -1817
158 -263
159 602
160 1765
161 -784
162 -729
163 448
164 1885
165 1147
166 -1904
167 -1981
168 153
169 -1915
170 -366
171 1548
172 1696
173 -690
174 657
175 421
176 1302
177 1005
178 -1107
179 1045
180 1767
181 -1153
182 -1776
183 -426
184 1074
185 1481
186 1500
187 -460
188 745
189 1710
190 293
191 1108
192 -847
193 -1062
194 784
195 -1832
196 -1708
197 -629
198 -1462
199 1885
200 -576
201 -1794
202 -1915
203 1357
204 1944
205 1191
206 1047
207 1980
208 329
209 -1627
210 1587
211 965
212 1280
213 -218
214 -1863
215 1031
216 1619
217 -1277
218 -1086
219 -221
220 1202
221 -1903
222 -1782
223 422
224 182
225 515
226 -280
227 539
228 -628
229 -461
230 270
231 154
232 -1208
233 -372
234 -1227
235 -1751
236 -1207
237 -1516
238 -1220
239 328
240 -475
241 -890
242 148
243 1861
244 125
245 -449
246 1211
247 1474
248 -1029
249 -1444
250 206
251 -1933
252 1698
253 1884
254 858
255 -427
256 225
257 -1339
258 711
259 1691
260 1140
261 -32
262 1671
263 181
264 852
265 1743
266 1239
267 -595
268 -1525
269 -137
270 -1151
271 -272
272 1896
273 -237
274 768
275 1197
276 1635
277 -1577
278 519
279 -1118
280 1052
281 -1713
282 995
283 1116
284 1934
285 1699
286 -241
287 -680
288 -18
289 -720
290 95
291 -577
292 -648
293 -24
294 -254
295 899
296 -718
297 -286
298 626
299 1912
300 -1243
301 -995
302 -1190
303 -124
304 1903
305 238
306 198
307 1925
308 -11
309 -328
310 -1682
311 609
312 62
313 -1373
314 -717
315 528
316 -725
317 656
318 -214
319 1906
320 652
321 414
322 -521
323 -729
324 1168
325 -749
326 -1758
327 -523
328 980
329 -1561
330 1728
331 -745
332 1179
333 -896
334 -734
335 -1066
336 1395
337 -1250
338 -669
339 -514
340 -469
341 -1143
342 -358
343 -1156
344 1545
345 -123
346 -601
347 1265
348 1346
349 1808
350 -948
351 1447
352 -112
353 -1269
354 -1024
355 -717
356 -3
357 1407
358 -527
359 494
360 -414
361 -332
362 256
363 490
364 -178
365 -1509
366 -1364
367 -287
368 1483
369 -1611
370 1657
371 2000
372 -966
373 -579
374 351
375 -1271
376 1447
377 1781
378 840
379 403
380 -875
381 1698
382 1857
383 -1466
384 830
385 -1234
386 -1722
387 -1937
388 -1392
389 121
390 671
391 1266
392 -1934
393 970
394 -622
395 246
396 -534
397 465
398 998
399 1902
