400
0 -1510
1 -1398
2 115
3 -1706
4 687
5 -949
6 -1037
7 1036
8 -1364
9 909
10 -77
11 -515
12 -691
13 969
14 -1213
15 1608
16 -359
17 -143
18 1628
19 1412
20 444
21 1257
22 1497
23 1029
24 1361
25 100
26 499
27 -215
28 -1260
29 -830
30 -1836
31 1351
32 -160
33 602
34 -1368
35 -533
36 -80
37 -668
38 -37
39 1592
40 -1018
41 283
42 -1614
43 -294
44 -1123
45 -775
46 -723
47 1215
48 1180
49 -417
50 -1930
51 458
52 74
53 253
54 -37
55 -1126
56 1384
57 -607
58 -262
59 -1376
60 -1780
61 1185
62 1780
63 175
64 931
65 -1063
66 1203
67 18
68 -1650
69 -325
70 -1573
71 420
72 -1543
73 1842
74 -1894
75 -562
76 1665
77 1107
78 -908
79 -1975
80 -138
81 1820
82 1227
83 617
84 39
85 -1248
86 -582
87 -3
88 -579
89 1924
90 1521
91 -1639
92 -1768
93 1798
94 -26
95 112
96 1580
97 -1378
98 -1055
99 -1438
100 -821
101 -1924
102 977
103 1378
104 -1830
105 514
106 147
107 1883
108 -517
109 670
110 -1695
111 -1111
112 1501
113 -233
114 -634
115 -1067
116 1847
117 1385
118 229
119 -1679
120 31
121 -350
122 441
123 -123
124 -1453
125 -1956
126 -21
127 1129
128 -1796
129 93
130 351
131 1568
132 -51
133 -1839
134 1969
135 889
136 -813
137 1207
138 -1444
139 1322
140 657
141 887
142 202
143 1681
144 -1779
145 1683
146 -1286
147 991
148 1786
149 -1627
150 602
151 -1826
152 420
153 -707
154 -1440
155 -597
156 -1695
157 -1095
158 -604
159 -1098
160 1806
161 -1073
162 1125
163 1966
164 -1253
165 -1538
166 -724
167 -1625
168 572
169 1408
170 711
171 -167
172 -971
173 -1710
174 1263
175 1419
176 1478
177 -1990
178 -567
179 581
180 -41
181 -573
182 -1277
183 -998
184 -1466
185 -1710
186 -1318
187 978
188 -81
189 1381
190 1277
191 1012
192 320
193 881
194 40
195 366
196 -1070
197 -749
198 -324
199 1497
200 1780
201 -1736
202 -510
203 -158
204 93
205 -967
206 -1139
207 -1051
208 -1637
209 -1711
210 481
211 403
212 471
213 -1951
214 -1252
215 -1841
216 -1232
217 -1906
218 128
219 -329
220 1204
221 162
222 1449
223 -1897
224 -1326
225 -1287
226 -135
227 1110
228 -1849
229 -924
230 -140
231 -1456
232 96
233 379
234 -1154
235 317
236 -1754
237 -1028
238 473
239 -1517
240 1095
241 -1637
242 -1510
243 274
244 -655
245 -1629
246 -1887
247 -194
248 458
249 -976
250 -905
251 -44
252 148
253 1986
254 759
255 -272
256 -1171
257 -1051
258 -1017
259 -565
260 1213
261 1410
262 -152
263 -1085
264 1256
265 1889
266 680
267 712
268 -804
269 496
270 -1683
271 -1502
272 -1118
273 1598
274 -478
275 1179
276 -860
277 -505
278 -756
279 -382
280 -278
281 1031
282 434
283 -451
284 -1960
285 -620
286 1837
287 1291
288 -1697
289 -33
290 982
291 -940
292 1518
293 266
294 -1934
295 -1076
296 347
297 -1122
298 -134
299 826
300 1059
301 960
302 559
303 -1481
304 -142
305 -902
306 -89
307 -1785
308 -679
309 -1644
310 702
311 49
312 931
313 96
314 197
315 1038
316 757
317 1644
318 566
319 -471
320 -742
321 -1402
322 -638
323 -331
324 1993
325 -1032
326 588
327 -1120
328 -1413
329 -1180
330 -1442
331 577
332 57
333 1755
334 -75
335 316
336 -1847
337 -448
338 1288
339 -1897
340 1274
341 -647
342 982
343 1229
344 556
345 -330
346 -1571
347 -1544
348 1615
349 715
350 258
351 1200
352 1914
353 -1073
354 201
355 -216
356 526
357 -1634
358 315
359 -911
360 -660
361 21
362 -204
363 -1123
364 -657
365 1031
366 1530
367 -387
368 1164
369 -1587
370 -1299
371 -1662
372 1957
373 1027
374 -898
375 -958
376 -1337
377 -946
378 727
379 -5
380 990
381 -1634
382 1171
383 -1818
384 1947
385 10
386 -528
387 -666
388 981
389 -928
390 -1803
391 1809
392 1979
393 136
394 -1496
395 -1101
396 -189
397 839
398 1478
399 91
