400
0 -1394
1 52
2 792
3 -1702
4 1624
5 357
6 -1124
7 -115
8 150
9 -153
10 -867
11 1278
12 -631
13 -1440
14 890
15 209
16 -240
17 -963
18 1074
19 151
20 -103
21 1318
22 684
23 217
24 -196
25 -556
26 918
27 1342
28 1862
29 -1916
30 1997
31 -194
32 1300
33 213
34 -1885
35 -811
36 70
37 -616
38 243
39 735
40 182
41 -1757
42 -1361
43 1392
44 -1833
45 -1724
46 -1742
47 -202
48 263
49 -1196
50 1709
51 -1916
52 1594
53 -1325
54 850
55 126
56 1098
57 -1492
58 -1373
59 -409
60 727
61 130
62 -1817
63 -821
64 418
65 -316
66 -1268
67 1796
68 1342
69 265
70 1723
71 1049
72 507
73 1859
74 -891
75 1329
76 -1741
77 640
78 1998
79 326
80 -1243
81 1688
82 372
83 570
84 1970
85 -1015
86 -9
87 -1040
88 1453
89 431
90 -1735
91 1467
92 -620
93 -1987
94 -131
95 -1190
96 -77
97 -1576
98 -790
99 -661
100 447
101 979
102 1160
103 -612
104 5
105 1992
106 759
107 350
108 -1397
109 -1780
110 1244
111 354
112 -4
113 426
114 -426
115 799
116 -1780
117 1805
118 721
119 1575
120 -1380
121 -1195
122 -991
123 -1130
124 753
125 1374
126 1569
127 850
128 -1129
129 986
130 -1242
131 1174
132 -1743
133 367
134 263
135 -259
136 -1959
137 -892
138 -101
139 -58
140 1549
141 -157
142 262
143 -1532
144 88
145 563
146 3
147 -1118
148 1226
149 -1329
150 1331
151 1628
152 1337
153 -934
154 944
155 1333
156 602
157 -1172
158 -1119
159 830
160 -1764
161 1525
162 486
163 -772
164 1839
165 627
166 61
167 1511
168 -581
169 -1182
170 1353
171 538
172 78
173 212
174 -1974
175 326
176 1976
177 -165
178 494
179 990
180 1135
181 1804
182 1138
183 865
184 -1272
185 82
186 460
187 -862
188 -1036
189 -1577
190 -1699
191 -1572
192 -984
193 318
194 125
195 563
196 -327
197 -679
198 888
199 1793
200 -1786
201 426
202 1773
203 1216
204 1163
205 -164
206 277
207 196
208 1513
209 1842
210 -1483
211 -218
212 1563
213 1795
214 -1470
215 1172
216 1271
217 416
218 -1361
219 1147
220 1260
221 -1218
222 1374
223 1065
224 1954
225 -1921
226 588
227 -324
228 -1957
229 38
230 1067
231 -1202
232 -172
233 1414
234 173
235 -900
236 1800
237 218
238 -596
239 -416
240 1678
241 249
242 1549
243 1773
244 778
245 -1158
246 769
247 -1628
248 -81
249 1047
250 -233
251 1243
252 284
253 442
254 1441
255 -1744
256 -129
257 422
258 -447
259 871
260 -771
261 221
262 14
263 27
264 -750
265 312
266 -1619
267 81
268 -222
269 -1402
270 671
271 1923
272 1960
273 -1218
274 -211
275 -1153
276 1035
277 1519
278 -1265
279 1569
280 -1313
281 -880
282 -615
283 -419
284 951
285 -395
286 1462
287 204
288 -1564
289 -574
290 813
291 -1272
292 707
293 -362
294 1211
295 -283
296 -1984
297 -660
298 218
299 -278
300 1681
301 -1847
302 -1118
303 -1374
304 310
305 474
306 -93
307 -189
308 -102
309 145
310 974
311 1782
312 -376
313 -788
314 -684
315 -229
316 -535
317 -510
318 -985
319 1603
320 -1644
321 -1915
322 1705
323 -671
324 -1506
325 1201
326 30
327 -263
328 -1721
329 -1336
330 -1429
331 1905
332 740
333 -1132
334 629
335 128
336 322
337 88
338 -1781
339 1045
340 363
341 1423
342 -1696
343 1028
344 -518
345 16
346 -11
347 -1394
348 413
349 -1031
350 1329
351 -1253
352 -1756
353 -1638
354 1918
355 1824
356 -206
357 -144
358 -1674
359 -1878
360 -1537
361 -339
362 -149
363 -435
364 1965
365 815
366 1193
367 1892
368 1554
369 415
370 1966
371 986
372 1719
373 446
374 606
375 766
376 -1192
377 -508
378 -1012
379 848
380 620
381 -1723
382 1436
383 -1420
384 -504
385 -70
386 548
387 -641
388 -282
389 -4
390 1933
391 1746
392 982
393 -923
394 -965
395 858
396 1891
397 -972
398 1773
399 -1969
