400
0 -267
1 230
2 -362
3 -623
4 -1675
5 1453
6 -1913
7 1372
8 -1108
9 -792
10 -1816
11 86
12 1043
13 -1047
14 1518
15 -109
16 -561
17 745
18 139
19 -1411
20 -961
21 -1399
22 994
23 -953
24 -1758
25 -1028
26 1293
27 -761
28 1078
29 1570
30 612
31 -50
32 -1370
33 -1285
34 1664
35 -1255
36 -956
37 -1452
38 325
39 847
40 -816
41 -1975
42 -152
43 1515
44 1096
45 -432
46 -1356
47 -508
48 117
49 -228
50 -1942
51 1345
52 604
53 1876
54 -681
55 1510
56 -412
57 -1705
58 855
59 751
60 1265
61 -1265
62 664
63 493
64 -334
65 126
66 44
67 -394
68 125
69 -1509
70 -1521
71 722
72 1105
73 1266
74 615
75 -1343
76 -276
77 -1499
78 840
79 1435
80 297
81 1474
82 -625
83 1369
84 167
85 -561
86 -614
87 -613
88 -816
89 -246
90 -2
91 -1220
92 -1538
93 1718
94 390
95 -937
96 -338
97 481
98 1724
99 1832
100 -472
101 180
102 -1176
103 465
104 -1607
105 1202
106 -416
107 -1735
108 -1519
109 -424
110 -615
111 -146
112 358
113 1905
114 -23
115 603
116 -190
117 1434
118 751
119 598
120 -1914
121 -1509
122 -471
123 -1845
124 -1853
125 584
126 1638
127 -1640
128 -443
129 -427
130 -1909
131 -410
132 -1367
133 1923
134 -1755
135 -1231
136 -195
137 -710
138 -512
139 441
140 -1056
141 1135
142 -398
143 -979
144 948
145 -87
146 109
147 81
148 140
149 1211
150 314
151 -1000
152 353
153 -1987
154 -1063
155 1225
156 947
157 -123
158 906
159 -564
160 -281
161 -450
162 1547
163 624
164 1581
165 368
166 -260
167 1631
168 -1498
169 1541
170 -1174
171 -445
172 859
173 -35
174 1861
175 -1928
176 1262
177 424
178 -1293
179 -1482
180 -404
181 289
182 936
183 -1062
184 1378
185 -622
186 -95
187 553
188 1163
189 1404
190 1577
191 1474
192 554
193 -216
194 -1748
195 1729
196 -1424
197 778
198 -193
199 1462
200 -1105
201 -267
202 1689
203 1274
204 44
205 -749
206 280
207 -265
208 67
209 824
210 -1314
211 -1092
212 785
213 143
214 1032
215 1327
216 126
217 -133
218 470
219 -1858
220 1057
221 1717
222 -457
223 -521
224 575
225 1274
226 -1052
227 1752
228 -102
229 711
230 -1364
231 -298
232 1170
233 386
234 282
235 -636
236 -53
237 1389
238 -200
239 -411
240 1833
241 -1177
242 964
243 -1131
244 -321
245 470
246 817
247 -1185
248 -1761
249 844
250 -1559
251 914
252 1721
253 -1036
254 1513
255 -523
256 -465
257 -1578
258 -955
259 945
260 -470
261 900
262 -1361
263 -1056
264 768
265 -625
266 1441
267 1819
268 -1487
269 -1107
270 6
271 -1279
272 -1870
273 1034
274 1111
275 663
276 1280
277 -52
278 -731
279 -1328
280 167
281 1512
282 -1251
283 1710
284 -377
285 -1524
286 -1753
287 257
288 423
289 -1489
290 -63
291 -1937
292 -1331
293 -1711
294 1153
295 -1229
296 -14
297 1627
298 1296
299 -620
300 -948
301 1000
302 1446
303 -900
304 -578
305 1581
306 389
307 1279
308 1901
309 -217
310 364
311 -73
312 1854
313 87
314 -1893
315 1970
316 -1569
317 839
318 890
319 -309
320 -997
321 151
322 63
323 290
324 1755
325 1175
326 -647
327 1807
328 -1485
329 853
330 162
331 -302
332 1829
333 104
334 1447
335 558
336 505
337 -1679
338 -1014
339 1865
340 -1264
341 1144
342 6
343 752
344 1152
345 -1932
346 -268
347 -270
348 1306
349 934
350 1921
351 864
352 1132
353 416
354 874
355 -1182
356 -572
357 -1822
358 -675
359 -1979
360 -505
361 1777
362 760
363 -1610
364 -1351
365 -654
366 1594
367 497
368 -47
369 -1778
370 1621
371 887
372 338
373 -1547
374 -363
375 -1247
376 -375
377 327
378 22
379 -893
380 -1760
381 1726
382 -953
383 -1316
384 -747
385 1143
386 1298
387 -33
388 611
389 598
390 -727
391 1211
392 -1861
393 644
394 -1969
395 -1250
396 1590
397 -332
398 1699
399 1268
