400
0 957
1 1894
2 -1782
3 -150
4 1910
5 -1672
6 640
7 -1697
8 836
9 -518
10 1706
11 -718
12 -1416
13 101
14 476
15 -1217
16 -166
17 590
18 1405
19 -1873
20 -1099
21 196
22 -1982
23 -235
24 779
25 -512
26 -1306
27 -70
28 -674
29 -1979
30 958
31 1468
32 -1445
33 107
34 4
35 1621
36 -1269
37 103
38 606
39 952
40 1270
41 -908
42 -1013
43 -1631
44 1270
45 -1688
46 -170
47 -717
48 -1624
49 74
50 667
51 -1978
52 266
53 -1004
54 -1363
55 -1403
56 -1679
57 -181
58 -217
59 1994
60 1534
61 -993
62 -1698
63 1012
64 1089
65 686
66 -1162
67 -803
68 1949
69 698
70 382
71 -423
72 -1457
73 -758
74 -1702
75 1006
76 -1226
77 214
78 1084
79 1587
80 986
81 1619
82 1153
83 229
84 797
85 1007
86 304
87 -1573
88 -375
89 -773
90 1933
91 938
92 -1717
93 1581
94 1158
95 -293
96 1993
97 -295
98 -949
99 -373
100 -796
101 61
102 1274
103 -1301
104 461
105 -110
106 -350
107 805
108 -1606
109 -761
110 926
111 72
112 1992
113 50
114 4
115 -1504
116 -1132
117 946
118 -1740
119 -465
120 -253
121 -432
122 1658
123 618
124 920
125 822
126 627
127 -810
128 -61
129 1894
130 318
131 -1278
132 -1710
133 1187
134 -733
135 1999
136 1057
137 700
138 -990
139 733
140 -1285
141 908
142 -222
143 1753
144 823
145 818
146 623
147 -787
148 -1958
149 -1440
150 -11
151 978
152 1724
153 -980
154 1770
155 -1755
156 -23
157 280
158 -1456
159 -1987
160 1975
161 -828
162 -907
163 1208
164 186
165 -612
166 -1213
167 979
168 -1209
169 -436
170 -1788
171 -588
172 1021
173 -563
174 -314
175 1119
176 466
177 -1797
178 750
179 -1641
180 873
181 54
182 122
183 -1664
184 1366
185 -1642
186 1522
187 503
188 -433
189 690
190 238
191 1858
192 -1841
193 786
194 1305
195 71
196 1357
197 1646
198 670
199 875
200 -617
201 -370
202 1333
203 -467
204 -1566
205 -1103
206 -226
207 -1807
208 -215
209 -84
210 607
211 -1045
212 -307
213 435
214 1369
215 1361
216 -1136
217 -104
218 112
219 1715
220 741
221 572
222 392
223 889
224 -290
225 574
226 -914
227 837
228 -531
229 1822
230 -1525
231 871
232 636
233 -844
234 324
235 -1000
236 53
237 -592
238 -857
239 1673
240 -127
241 -763
242 1072
243 1649
244 -121
245 1003
246 -1963
247 1303
248 -1600
249 -186
250 -790
251 -490
252 -562
253 733
254 -43
255 272
256 -1078
257 602
258 -1253
259 1120
260 -1811
261 1384
262 726
263 -1596
264 1609
265 -1526
266 -335
267 -945
268 -559
269 -1789
270 1718
271 -1755
272 991
273 1700
274 -1001
275 1991
276 -1595
277 1451
278 1759
279 871
280 1025
281 -1028
282 -1330
283 1259
284 -1336
285 -1499
286 -771
287 -593
288 1281
289 -653
290 -394
291 -1528
292 -1304
293 1350
294 1159
295 1875
296 1391
297 1507
298 -507
299 -597
300 -336
301 1262
302 -1397
303 -1699
304 -406
305 -1846
306 950
307 164
308 -1169
309 -518
310 -1274
311 1861
312 -1658
313 -561
314 1858
315 -447
316 851
317 199
318 1583
319 -81
320 -1109
321 1866
322 -609
323 -648
324 -1949
325 -873
326 75
327 -543
328 443
329 1077
330 1348
331 189
332 1697
333 309
334 -733
335 -631
336 -398
337 1728
338 986
339 -79
340 -802
341 1297
342 -1338
343 -1592
344 153
345 -123
346 565
347 -543
348 -520
349 328
350 407
351 187
352 -628
353 1560
354 1861
355 -1119
356 -1494
357 1306
358 1195
359 1384
360 1432
361 -1905
362 -813
363 -1789
364 -1176
365 -1512
366 -557
367 -588
368 900
369 246
370 1089
371 -943
372 -1399
373 115
374 479
375 -1934
376 98
377 -1170
378 563
379 -212
380 -1915
381 -1495
382 1819
383 1497
384 -1527
385 390
386 -1653
387 -964
388 237
389 -963
390 888
391 1217
392 -815
393 -454
394 1153
395 532
396 547
397 1645
398 -1860
399 1021
