400
0 120
1 1581
2 757
3 1172
4 1873
5 1728
6 1206
7 1632
8 1379
9 -359
10 -1065
11 1843
12 -267
13 1023
14 -926
15 1509
16 -1676
17 -1149
18 -1577
19 -10
20 1939
21 332
22 -1452
23 -603
24 -1262
25 1473
26 -326
27 915
28 -66
29 1843
30 -67
31 1421
32 1357
33 -563
34 -196
35 1637
36 -254
37 -819
38 -726
39 -115
40 -1619
41 1269
42 -870
43 -944
44 987
45 -322
46 -1950
47 -910
48 -1361
49 448
50 -295
51 1179
52 1033
53 367
54 -377
55 -305
56 1796
57 52
58 -371
59 -226
60 1423
61 1567
62 255
63 745
64 894
65 1326
66 1282
67 1639
68 1752
69 630
70 1083
71 -317
72 749
73 -253
74 -513
75 1450
76 -684
77 -621
78 -970
79 -103
80 1644
81 -1021
82 -1482
83 -1196
84 -1373
85 1597
86 -885
87 692
88 -241
89 112
90 262
91 -71
92 149
93 878
94 608
95 -1453
96 -1754
97 -844
98 1632
99 1351
100 -261
101 79
102 -1594
103 -1884
104 888
105 1934
106 1779
107 1644
108 1472
109 1918
110 -788
111 -484
112 -1938
113 -235
114 688
115 1410
116 -1871
117 1980
118 1204
119 -1357
120 777
121 1166
122 1236
123 415
124 1056
125 -903
126 1248
127 553
128 -765
129 -489
130 1280
131 1660
132 -1402
133 -804
134 932
135 -31
136 -1041
137 1273
138 1397
139 1731
140 1821
141 876
142 1966
143 555
144 -1629
145 -215
146 -180
147 653
148 1499
149 -1637
150 -1402
151 -621
152 -942
153 -906
154 1290
155 450
156 -1724
157 -1085
158 -1507
159 156
160 371
161 1604
162 -438
163 -1837
164 187
165 -1777
166 1056
167 -1743
168 -1442
169 1549
170 -577
171 -1641
172 1627
173 -765
174 -721
175 -1487
176 -1399
177 -908
178 -1632
179 1652
180 -1740
181 -319
182 1079
183 497
184 178
185 -1438
186 875
187 572
188 -305
189 -1450
190 226
191 258
192 755
193 -264
194 958
195 167
196 65
197 588
198 130
199 -245
200 40
201 -1547
202 -253
203 -809
204 471
205 1554
206 1304
207 -311
208 1430
209 -1989
210 1354
211 304
212 958
213 -1976
214 40
215 1982
216 857
217 -1973
218 722
219 -1722
220 -539
221 -1117
222 983
223 -1047
224 -1153
225 -1659
226 -624
227 1596
228 1554
229 124
230 -1390
231 -441
232 1517
233 -1849
234 -1445
235 -1964
236 -250
237 40
238 776
239 1097
240 89
241 91
242 -234
243 -647
244 1719
245 -813
246 -825
247 849
248 -1703
249 1104
250 -1804
251 -273
252 -1091
253 1946
254 1571
255 -972
256 192
257 32
258 -1533
259 -1460
260 275
261 -668
262 -715
263 1837
264 117
265 1289
266 847
267 -1418
268 1713
269 -495
270 -731
271 1896
272 -98
273 -1167
274 -1780
275 -1872
276 -444
277 340
278 924
279 831
280 -353
281 1154
282 -261
283 348
284 -1954
285 1578
286 -1750
287 -531
288 1016
289 362
290 -928
291 1374
292 -94
293 178
294 -287
295 837
296 -659
297 -124
298 -1823
299 -8
300 818
301 -1559
302 -828
303 -1383
304 1597
305 -487
306 -527
307 525
308 671
309 1867
310 -1188
311 -591
312 980
313 -816
314 -858
315 -1437
316 -1925
317 -873
318 1240
319 757
320 699
321 -1133
322 1507
323 1692
324 649
325 1165
326 -512
327 -660
328 -268
329 -1615
330 435
331 1417
332 856
333 752
334 -1516
335 -1084
336 -157
337 -1571
338 1086
339 -702
340 1593
341 -1375
342 -543
343 1496
344 570
345 -615
346 -1284
347 -1800
348 1058
349 -129
350 42
351 -908
352 1792
353 -1249
354 -284
355 1448
356 1
357 1269
358 1327
359 -1075
360 -1122
361 -508
362 -1929
363 1017
364 62
365 -1765
366 -676
367 -911
368 1538
369 -1537
370 -1401
371 847
372 3
373 -1723
374 -477
375 711
376 -1459
377 -727
378 1719
379 -1766
380 916
381 1236
382 -1099
383 -891
384 -813
385 -1386
386 -1905
387 1690
388 857
389 964
390 -575
391 832
392 -1777
393 603
394 -194
395 1494
396 130
397 673
398 -1195
399 -1314
