400
0 -534
1 1536
2 -1609
3 -817
4 1707
5 -752
6 -1934
7 864
8 -308
9 956
10 1337
11 -147
12 -831
13 1895
14 -586
15 -796
16 -17
17 1445
18 1928
19 -33
20 -1477
21 419
22 152
23 -855
24 119
25 -1587
26 -1011
27 -442
28 494
29 -918
30 -181
31 1238
32 925
33 1851
34 531
35 -330
36 970
37 -457
38 696
39 1347
40 1623
41 -1628
42 821
43 1854
44 -1252
45 -2
46 889
47 -1490
48 -41
49 1416
50 1889
51 864
52 1057
53 -311
54 1701
55 -1806
56 -673
57 -1310
58 843
59 319
60 -682
61 -204
62 -914
63 396
64 -1855
65 869
66 270
67 -1072
68 -894
69 1533
70 -615
71 -956
72 1800
73 1947
74 -1751
75 -625
76 -1894
77 1379
78 -1128
79 1150
80 -1876
81 337
82 668
83 -249
84 -1416
85 -1639
86 -128
87 -965
88 -1238
89 -1221
90 -1315
91 1575
92 -1770
93 1211
94 -175
95 1471
96 -655
97 1484
98 1693
99 -1579
100 1922
101 -124
102 -384
103 488
104 1318
105 -436
106 1092
107 1855
108 1354
109 -1761
110 -50
111 207
112 -1225
113 -1123
114 1010
115 -96
116 259
117 -1021
118 -546
119 1112
120 680
121 1912
122 1316
123 -1690
124 -329
125 103
126 340
127 -1010
128 -1950
129 918
130 1278
131 938
132 300
133 98
134 1488
135 199
136 140
137 -352
138 -452
139 1636
140 -1206
141 -272
142 -147
143 1066
144 973
145 973
146 1953
147 1717
148 -1364
149 1532
150 1810
151 1515
152 -1826
153 -1136
154 435
155 -728
156 799
157 -1812
158 -1596
159 -624
160 -1154
161 1191
162 507
163 -944
164 1783
165 -1226
166 92
167 -700
168 -1377
169 -1159
170 1669
171 -1174
172 1171
173 -1347
174 -1079
175 1426
176 1119
177 492
178 1625
179 -1795
180 -1279
181 1717
182 244
183 -1684
184 -660
185 31
186 -24
187 -1187
188 -438
189 -1215
190 -1784
191 -1229
192 788
193 -263
194 921
195 -29
196 -1861
197 991
198 1972
199 -172
200 961
201 599
202 1677
203 -9
204 -994
205 179
206 54
207 822
208 1857
209 -1417
210 -39
211 -379
212 1290
213 -921
214 -1284
215 1317
216 1604
217 -1654
218 -622
219 -324
220 -899
221 462
222 362
223 126
224 -1944
225 1030
226 1988
227 -1811
228 -1246
229 1556
230 -452
231 42
232 -1117
233 360
234 1501
235 750
236 -1974
237 -1586
238 -1652
239 -50
240 1065
241 -405
242 1230
243 1887
244 -1691
245 -437
246 1386
247 636
248 544
249 -696
250 -293
251 1025
252 749
253 -1820
254 988
255 99
256 -834
257 -1300
258 -1895
259 1402
260 -1949
261 -1889
262 -794
263 1330
264 -1276
265 407
266 -1449
267 265
268 824
269 -724
270 -527
271 -1312
272 364
273 850
274 129
275 -546
276 -368
277 -995
278 885
279 1325
280 614
281 1111
282 -1259
283 879
284 -133
285 -692
286 -148
287 1390
288 -919
289 1678
290 -643
291 -366
292 -107
293 526
294 621
295 1993
296 45
297 511
298 -1821
299 44
300 545
301 -1388
302 -1198
303 1194
304 753
305 267
306 1183
307 -1237
308 384
309 -1619
310 1616
311 -1052
312 -1545
313 1786
314 1306
315 1639
316 -1050
317 1321
318 -1560
319 1603
320 -919
321 -1579
322 -499
323 1408
324 1345
325 1881
326 204
327 1149
328 -1238
329 993
330 -1056
331 476
332 -1523
333 1915
334 1595
335 498
336 -1302
337 67
338 -931
339 -1379
340 -587
341 572
342 -428
343 1424
344 1829
345 603
346 1435
347 -1394
348 -1751
349 -179
350 -1917
351 -874
352 230
353 1878
354 996
355 -87
356 1086
357 -972
358 929
359 -1608
360 -265
361 -1898
362 449
363 -92
364 1963
365 1291
366 1052
367 -1552
368 1381
369 943
370 -1486
371 -396
372 1698
373 -903
374 -1115
375 -1747
376 1503
377 -20
378 1191
379 1432
380 -1215
381 441
382 690
383 -91
384 612
385 896
386 -1692
387 -1032
388 -1151
389 109
390 1296
391 1556
392 -1371
393 -1387
394 -1934
395 -1633
396 1865
397 -1269
398 1454
399 -1305
