400
0 -1384
1 1487
2 -1519
3 1942
4 -609
5 845
6 1337
7 -1064
8 -1739
9 1934
10 -1536
11 -1824
12 1969
13 1773
14 -251
15 -1808
16 1925
17 41
18 -1234
19 -980
20 1476
21 175
22 1872
23 -1741
24 -1248
25 1143
26 -558
27 -1350
28 1447
29 -1159
30 1924
31 1700
32 -1141
33 -1912
34 -1200
35 367
36 334
37 -1236
38 -22
39 40
40 -1121
41 -1476
42 1816
43 1793
44 1553
45 1633
46 831
47 1697
48 619
49 -693
50 1036
51 119
52 1547
53 437
54 -1128
55 -708
56 -1311
57 176
58 776
59 652
60 1417
61 -1852
62 -801
63 -860
64 580
65 -654
66 -1880
67 -1633
68 1306
69 -297
70 -775
71 543
72 442
73 -1504
74 433
75 521
76 -385
77 -368
78 1496
79 -202
80 896
81 1947
82 1007
83 432
84 -1629
85 1168
86 636
87 -965
88 -656
89 1157
90 434
91 -28
92 301
93 -1048
94 -467
95 1094
96 -1582
97 -1442
98 -742
99 288
100 1410
101 -482
102 -812
103 -1574
104 -1276
105 1866
106 -716
107 1065
108 -772
109 1187
110 -1516
111 125
112 -792
113 96
114 -917
115 795
116 -1181
117 -1492
118 -618
119 -1776
120 1870
121 1102
122 1325
123 1690
124 818
125 -1150
126 958
127 209
128 1993
129 -349
130 1463
131 397
132 -1070
133 -1335
134 566
135 -1552
136 193
137 1185
138 1849
139 1914
140 447
141 658
142 -1739
143 849
144 663
145 -1288
146 -431
147 828
148 -1494
149 849
150 238
151 -1574
152 1085
153 1563
154 1861
155 -1751
156 -1075
157 -1812
158 -520
159 -514
160 819
161 68
162 1153
163 -291
164 -1846
165 765
166 -606
167 330
168 -1472
169 -291
170 -1876
171 -1773
172 -982
173 1686
174 -690
175 792
176 1274
177 -1003
178 1925
179 510
180 -1612
181 181
182 -149
183 980
184 -335
185 1640
186 1583
187 -149
188 511
189 1870
190 -933
191 -1319
192 759
193 903
194 1767
195 -1459
196 1395
197 1553
198 1926
199 1212
200 1290
201 1442
202 -1793
203 795
204 1868
205 -1416
206 -310
207 1607
208 1598
209 1164
210 -224
211 -509
212 -336
213 -1878
214 -174
215 -963
216 -1171
217 1655
218 -810
219 326
220 1397
221 -1818
222 1254
223 -565
224 -394
225 1542
226 1282
227 -1612
228 -1993
229 290
230 1905
231 -555
232 -638
233 -1328
234 -1982
235 1515
236 587
237 -1096
238 -1320
239 -994
240 -758
241 -1916
242 -910
243 -840
244 -787
245 1931
246 420
247 1659
248 829
249 -1821
250 -359
251 -501
252 -12
253 -1828
254 -357
255 -954
256 27
257 -1279
258 -623
259 -571
260 1236
261 -1579
262 -1647
263 439
264 49
265 -257
266 -1803
267 1855
268 88
269 894
270 -1037
271 -1585
272 -277
273 1662
274 -528
275 -427
276 1245
277 -1868
278 1711
279 -260
280 49
281 1589
282 108
283 -1714
284 -1920
285 -1209
286 212
287 1031
288 -369
289 -240
290 -421
291 -1175
292 -826
293 225
294 -1102
295 1225
296 1638
297 -922
298 -1503
299 908
300 -1491
301 1761
302 790
303 -1457
304 1766
305 1677
306 1966
307 -263
308 -690
309 -1958
310 1629
311 150
312 -780
313 -626
314 390
315 -1660
316 1911
317 1329
318 -1354
319 -891
320 -672
321 -1495
322 -1954
323 -457
324 206
325 -1159
326 -722
327 1030
328 -1964
329 -1959
330 -1072
331 188
332 -1451
333 -1023
334 -1830
335 876
336 -224
337 -604
338 1187
339 -1490
340 1341
341 915
342 531
343 -182
344 -419
345 -412
346 596
347 -236
348 -215
349 -926
350 -1517
351 -878
352 -1548
353 -1384
354 -1368
355 -1819
356 -398
357 497
358 1144
359 1833
360 -1880
361 -1326
362 -1945
363 -911
364 -1362
365 82
366 882
367 -1006
368 -1427
369 1525
370 -1839
371 1918
372 -818
373 209
374 218
375 158
376 541
377 775
378 86
379 117
380 1417
381 -173
382 714
383 113
384 1923
385 324
386 -1087
387 1749
388 1240
389 1140
390 1493
391 807
392 -1171
393 -1190
394 1183
395 -1655
396 1275
397 1417
398 1958
399 -940
