400
0 990
1 -1942
2 998
3 -1302
4 691
5 309
6 -1061
7 -678
8 -1405
9 676
10 637
11 1917
12 1602
13 977
14 -1242
15 -119
16 191
17 895
18 -206
19 -1594
20 -208
21 309
22 -873
23 -1593
24 -317
25 -1752
26 -1069
27 -1039
28 -502
29 -1146
30 -1172
31 -180
32 -774
33 232
34 -1940
35 989
36 -1252
37 -166
38 609
39 221
40 -1175
41 1771
42 -766
43 1822
44 1906
45 468
46 19
47 803
48 -456
49 -1807
50 433
51 1373
52 166
53 1311
54 -657
55 -138
56 -1485
57 -1220
58 1801
59 394
60 -1032
61 -966
62 -1241
63 1356
64 -1959
65 -895
66 1902
67 -852
68 -1916
69 1267
70 -1399
71 1958
72 723
73 31
74 988
75 -1126
76 806
77 916
78 1595
79 447
80 1264
81 -1928
82 407
83 1545
84 -875
85 -105
86 177
87 -1547
88 264
89 -932
90 318
91 -1811
92 -1817
93 -23
94 -1594
95 -1235
96 -35
97 1264
98 1855
99 623
100 -1283
101 -557
102 -1107
103 537
104 1363
105 1960
106 16
107 -1512
108 512
109 995
110 135
111 778
112 455
113 -165
114 -1839
115 -1771
116 1726
117 -640
118 1104
119 428
120 -558
121 1191
122 266
123 1005
124 828
125 815
126 -129
127 -49
128 767
129 -1380
130 1989
131 -427
132 -1820
133 230
134 -218
135 -1081
136 -194
137 834
138 -1764
139 344
140 1545
141 1340
142 -447
143 64
144 -266
145 1593
146 -329
147 -904
148 572
149 1213
150 -1617
151 993
152 -1924
153 1395
154 697
155 407
156 1425
157 651
158 -1655
159 1241
160 54
161 1252
162 -1906
163 -440
164 -982
165 -1144
166 -422
167 378
168 1317
169 -280
170 42
171 1524
172 -117
173 409
174 1750
175 2000
176 -1787
177 -434
178 172
179 -1082
180 -37
181 -409
182 -720
183 -1584
184 1707
185 1219
186 1350
187 1177
188 -323
189 1782
190 1815
191 -1937
192 -2
193 -662
194 1
195 -610
196 579
197 -1760
198 -1728
199 -688
200 -1739
201 -1129
202 -1254
203 285
204 -1526
205 -234
206 -799
207 -1109
208 841
209 -1135
210 -1877
211 1469
212 -995
213 -1231
214 -1508
215 311
216 -320
217 1655
218 1200
219 -1552
220 -1519
221 -1129
222 -1942
223 -92
224 29
225 -622
226 -275
227 1252
228 52
229 926
230 791
231 1486
232 -1588
233 -606
234 -1158
235 -1895
236 1096
237 -869
238 1545
239 1290
240 749
241 1534
242 1237
243 851
244 -966
245 -805
246 -60
247 -1122
248 1264
249 1298
250 -162
251 157
252 -756
253 521
254 -1824
255 1106
256 -553
257 -301
258 535
259 -609
260 835
261 937
262 -286
263 1341
264 1167
265 -1953
266 593
267 291
268 -925
269 -1992
270 1002
271 1871
272 -1645
273 -560
274 529
275 -1763
276 1595
277 -1647
278 -1020
279 1374
280 -769
281 -501
282 144
283 -1323
284 990
285 -467
286 -1387
287 1551
288 -575
289 -62
290 -208
291 -306
292 -504
293 -1494
294 547
295 1172
296 1661
297 -879
298 1306
299 128
300 1403
301 -55
302 -29
303 -1256
304 -1360
305 -976
306 1997
307 1253
308 -1315
309 -1637
310 -1870
311 -210
312 -1946
313 -776
314 -1290
315 1294
316 569
317 -1355
318 -1050
319 1160
320 1942
321 -668
322 -594
323 -366
324 1233
325 -1657
326 1466
327 1044
328 -631
329 -394
330 713
331 1915
332 -290
333 1197
334 -1552
335 282
336 634
337 190
338 -681
339 1288
340 -793
341 -1486
342 1034
343 535
344 1073
345 1323
346 -249
347 1784
348 -1564
349 918
350 1946
351 1789
352 19
353 -721
354 634
355 -1751
356 613
357 -660
358 1359
359 705
360 992
361 1657
362 492
363 990
364 1282
365 612
366 -754
367 -630
368 218
369 -394
370 -329
371 1593
372 -252
373 548
374 1158
375 184
376 1362
377 -1653
378 1104
379 1035
380 1476
381 750
382 816
383 1569
384 -1186
385 220
386 -1945
387 -764
388 1860
389 1034
390 1198
391 148
392 1663
393 850
394 1661
395 -1411
396 -1182
397 1899
398 -291
399 589
