400
0 1783
1 -1265
2 72
3 124
4 -332
5 104
6 -750
7 888
8 -703
9 -229
10 -1144
11 -1171
12 -508
13 1339
14 -961
15 -910
16 -1545
17 -926
18 -883
19 1699
20 127
21 123
22 -1049
23 -1068
24 -1781
25 850
26 1614
27 -560
28 -1418
29 1895
30 -1996
31 1667
32 763
33 -1607
34 690
35 1761
36 -1363
37 -634
38 838
39 17
40 82
41 -248
42 -1035
43 -1708
44 1002
45 -1144
46 1624
47 -1853
48 -1829
49 -1899
50 402
51 1200
52 -731
53 -159
54 -1465
55 1747
56 595
57 355
58 -531
59 320
60 1221
61 719
62 -1269
63 1938
64 -827
65 -1013
66 -1082
67 -609
68 201
69 1698
70 -1940
71 -670
72 662
73 -192
74 -1708
75 -562
76 -6
77 -603
78 532
79 1010
80 714
81 -1262
82 -156
83 -576
84 745
85 -1045
86 -1595
87 -1024
88 -944
89 1148
90 -92
91 -1529
92 -1714
93 364
94 -1408
95 933
96 -444
97 -264
98 1978
99 -1460
100 615
101 -759
102 89
103 1632
104 1849
105 1649
106 1767
107 -1910
108 1896
109 1523
110 -1578
111 1389
112 -1064
113 1694
114 -1579
115 -462
116 -1071
117 1683
118 -495
119 -196
120 -1821
121 -1259
122 -1827
123 238
124 -1871
125 -244
126 -1214
127 1501
128 3
129 435
130 -1892
131 1002
132 -153
133 1594
134 -1450
135 -1192
136 1957
137 -1436
138 153
139 -673
140 1930
141 25
142 416
143 215
144 -1371
145 240
146 -439
147 -664
148 -1132
149 -378
150 392
151 -629
152 -1658
153 -1693
154 1417
155 -1292
156 -1656
157 1951
158 733
159 -15
160 112
161 -358
162 1647
163 -297
164 -293
165 880
166 -1520
167 59
168 157
169 -881
170 -93
171 -234
172 1703
173 1989
174 372
175 1947
176 637
177 -529
178 -549
179 -1067
180 129
181 -266
182 -1428
183 -1401
184 1384
185 1398
186 -702
187 -168
188 -403
189 1370
190 1865
191 -1242
192 1882
193 -729
194 956
195 -432
196 -625
197 -922
198 -145
199 -230
200 1345
201 341
202 1988
203 -1827
204 770
205 -1566
206 -814
207 -754
208 707
209 730
210 629
211 325
212 -1323
213 -10
214 -850
215 -1841
216 -612
217 933
218 -899
219 450
220 1076
221 1323
222 1949
223 -1832
224 287
225 -1248
226 1164
227 -1881
228 -85
229 1845
230 1742
231 -741
232 -220
233 1128
234 -648
235 -1503
236 1152
237 1624
238 -1171
239 1110
240 816
241 385
242 -1657
243 -1595
244 816
245 671
246 -277
247 -1391
248 -39
249 -830
250 1419
251 -1130
252 -825
253 -868
254 -1950
255 141
256 -1264
257 423
258 -1945
259 782
260 -1797
261 138
262 1193
263 1466
264 -247
265 -1288
266 -395
267 1356
268 582
269 462
270 1499
271 1993
272 1870
273 1660
274 -499
275 616
276 515
277 -425
278 1912
279 -975
280 -819
281 -1761
282 -1798
283 -1040
284 -1432
285 1289
286 561
287 -1743
288 356
289 578
290 -1837
291 -922
292 -1341
293 -1126
294 -390
295 1798
296 304
297 -1545
298 951
299 472
300 1151
301 1656
302 697
303 1136
304 500
305 781
306 907
307 -1575
308 -594
309 1934
310 542
311 -963
312 -1002
313 -1963
314 -801
315 1446
316 730
317 -323
318 1735
319 -1942
320 -73
321 -880
322 878
323 533
324 1580
325 324
326 -1942
327 -1605
328 1508
329 -516
330 1572
331 -464
332 -1674
333 -1708
334 1891
335 -1489
336 219
337 -1681
338 -1103
339 -1793
340 -1396
341 -1762
342 -1424
343 -308
344 -1228
345 -321
346 727
347 841
348 -817
349 -1444
350 848
351 -1229
352 -700
353 -1897
354 794
355 467
356 739
357 1694
358 1399
359 -895
360 1145
361 -783
362 823
363 1708
364 289
365 -1843
366 1616
367 -225
368 434
369 172
370 1442
371 356
372 -797
373 1910
374 1385
375 -278
376 1329
377 -1848
378 -547
379 1723
380 -1400
381 1442
382 449
383 144
384 -8
385 1332
386 1434
387 -1684
388 1728
389 -952
390 462
391 -456
392 -638
393 1099
394 685
395 466
396 156
397 -1177
398 -1951
399 -193
