400
0 1795
1 -1754
2 1521
3 447
4 166
5 -1991
6 -1172
7 1662
8 945
9 -1452
10 -1641
11 1931
12 -210
13 -640
14 -502
15 683
16 -1196
17 -1473
18 -1463
19 679
20 -269
21 340
22 -538
23 1881
24 -29
25 -884
26 597
27 -338
28 -1011
29 -1158
30 1732
31 313
32 -1432
33 -1327
34 -1150
35 1313
36 -574
37 462
38 256
39 -1420
40 -571
41 1347
42 764
43 449
44 1281
45 -583
46 1230
47 1337
48 -933
49 -806
50 -1869
51 -1273
52 -953
53 -270
54 1835
55 1537
56 -1877
57 338
58 1684
59 1286
60 579
61 1869
62 24
63 1572
64 -967
65 18
66 -1388
67 279
68 -278
69 -680
70 -211
71 -647
72 -1283
73 -1294
74 1267
75 -1872
76 -715
77 -261
78 41
79 -941
80 1482
81 -831
82 683
83 605
84 -1371
85 1638
86 113
87 -1460
88 -1938
89 1992
90 957
91 -1840
92 -35
93 191
94 1134
95 506
96 1749
97 383
98 -1838
99 988
100 1219
101 -11
102 -651
103 1219
104 1268
105 -1883
106 -485
107 -1739
108 1260
109 -1307
110 -894
111 423
112 819
113 1193
114 -16
115 -1415
116 1156
117 314
118 -1769
119 -1983
120 -1949
121 -862
122 1852
123 1236
124 2
125 1228
126 395
127 -969
128 -1811
129 1869
130 -1458
131 450
132 -1078
133 586
134 -1271
135 -1875
136 1561
137 -1486
138 1200
139 -1433
140 1175
141 -325
142 -729
143 -1146
144 719
145 1844
146 -1226
147 1312
148 -1911
149 -1669
150 -768
151 -939
152 833
153 844
154 952
155 -521
156 -112
157 -1050
158 136
159 -1840
160 -708
161 1185
162 -17
163 1221
164 1555
165 -412
166 -1876
167 -591
168 -1116
169 481
170 1404
171 -520
172 -1736
173 -1447
174 389
175 1789
176 1389
177 -339
178 -1682
179 -1743
180 317
181 90
182 131
183 -1910
184 -419
185 600
186 -136
187 158
188 -1036
189 -1460
190 1524
191 1566
192 -1381
193 -682
194 109
195 168
196 1369
197 -553
198 -186
199 1926
200 1158
201 -917
202 301
203 1646
204 206
205 356
206 910
207 -1858
208 -75
209 1701
210 580
211 1739
212 -1543
213 1128
214 -1410
215 -611
216 -54
217 -557
218 -553
219 349
220 -776
221 -1627
222 1239
223 -1178
224 381
225 1504
226 494
227 622
228 -1116
229 -502
230 -822
231 -780
232 1315
233 -883
234 147
235 1493
236 -1062
237 293
238 210
239 -1664
240 242
241 -1465
242 154
243 -965
244 1142
245 60
246 -1837
247 373
248 831
249 983
250 1915
251 -94
252 -1710
253 -1352
254 1957
255 1655
256 1175
257 -977
258 -408
259 447
260 -835
261 555
262 -1731
263 728
264 -1713
265 -959
266 1399
267 992
268 294
269 -567
270 -1362
271 257
272 1203
273 -1660
274 1500
275 -1027
276 -882
277 195
278 -1048
279 -402
280 424
281 1156
282 -995
283 1408
284 704
285 -1241
286 1246
287 -1114
288 1873
289 -290
290 1033
291 -713
292 1698
293 -416
294 -1410
295 572
296 -1550
297 -1062
298 1199
299 -1238
300 1821
301 1561
302 -1881
303 -675
304 -1326
305 -938
306 -1823
307 -1511
308 -202
309 -286
310 -1986
311 1413
312 687
313 -1703
314 1659
315 -1206
316 -1170
317 1080
318 -871
319 1349
320 979
321 -1148
322 -570
323 -1276
324 583
325 -404
326 1838
327 -223
328 -183
329 208
330 472
331 1062
332 -870
333 28
334 -640
335 -1081
336 741
337 366
338 -1265
339 1096
340 1455
341 542
342 1851
343 -1176
344 -261
345 1191
346 757
347 943
348 -1247
349 1588
350 -352
351 1179
352 25
353 -243
354 -892
355 -1203
356 1351
357 -728
358 -255
359 1428
360 -1174
361 -1793
362 1845
363 1973
364 -1554
365 195
366 113
367 292
368 299
369 572
370 1171
371 1832
372 -1783
373 1306
374 -1240
375 1994
376 508
377 460
378 1339
379 -1526
380 264
381 -257
382 -347
383 -1013
384 -1333
385 -456
386 -690
387 -46
388 -1459
389 1244
390 -152
391 -1339
392 958
393 -310
394 -436
395 1165
396 -1040
397 -391
398 -1114
399 1463
