400
0 -1966
1 1032
2 -105
3 -428
4 438
5 632
6 1548
7 -1765
8 1447
9 1954
10 87
11 -1433
12 -94
13 1417
14 -829
15 870
16 186
17 1447
18 -259
19 1334
20 1427
21 -482
22 -345
23 -1366
24 1378
25 411
26 623
27 -1320
28 -1593
29 1062
30 -724
31 1731
32 21
33 -1590
34 494
35 1965
36 -840
37 -1360
38 -536
39 898
40 753
41 1218
42 1131
43 -96
44 -93
45 1951
46 -1517
47 -2
48 222
49 1308
50 -1663
51 -773
52 -1691
53 862
54 1196
55 1140
56 544
57 819
58 -1831
59 -19
60 -737
61 1503
62 -701
63 -1358
64 -293
65 1591
66 888
67 1960
68 -525
69 -1557
70 183
71 -1536
72 -936
73 784
74 -1484
75 1704
76 -1992
77 1041
78 811
79 1233
80 -843
81 1255
82 -280
83 -128
84 -699
85 -1265
86 499
87 744
88 -426
89 1049
90 1811
91 -911
92 409
93 -1558
94 827
95 1917
96 1305
97 32
98 654
99 -1416
100 533
101 -230
102 26
103 -1520
104 -1019
105 -1765
106 1777
107 1296
108 150
109 588
110 -15
111 -1922
112 1338
113 -286
114 -68
115 -906
116 1090
117 1766
118 -980
119 949
120 -1992
121 -1565
122 997
123 -1043
124 537
125 -1625
126 -1242
127 -1692
128 1765
129 973
130 -1512
131 1186
132 318
133 -808
134 -1316
135 1477
136 -1788
137 538
138 -1574
139 1843
140 -499
141 55
142 1114
143 76
144 -124
145 412
146 -1694
147 -44
148 1630
149 924
150 -160
151 491
152 1064
153 -562
154 1869
155 1619
156 -1049
157 -1696
158 -1895
159 1941
160 -825
161 340
162 1001
163 -245
164 1132
165 99
166 -933
167 -865
168 -1528
169 338
170 -768
171 9
172 -1826
173 1306
174 132
175 -1419
176 -1221
177 -1574
178 -1835
179 240
180 212
181 -666
182 572
183 1429
184 -1714
185 -949
186 875
187 628
188 -785
189 353
190 1189
191 -900
192 -1596
193 -819
194 -815
195 -156
196 -1497
197 -519
198 -797
199 -920
200 291
201 1670
202 -628
203 -1115
204 1481
205 -1567
206 -1137
207 -352
208 -1533
209 680
210 -638
211 1671
212 429
213 1377
214 -1944
215 1840
216 -1515
217 1524
218 47
219 -1562
220 1372
221 -1677
222 686
223 866
224 -901
225 -118
226 444
227 -1565
228 -926
229 -1947
230 -1635
231 1408
232 -234
233 -1313
234 1312
235 -1191
236 775
237 -831
238 -36
239 -748
240 1597
241 1992
242 1454
243 -686
244 706
245 770
246 -1615
247 -1356
248 78
249 700
250 1750
251 -1687
252 641
253 -1883
254 1360
255 -739
256 -1044
257 802
258 -936
259 -554
260 1027
261 815
262 -330
263 -1095
264 -1900
265 -1395
266 -190
267 -1686
268 -1281
269 357
270 -924
271 146
272 35
273 76
274 139
275 -1401
276 1465
277 477
278 -1735
279 1710
280 505
281 1088
282 402
283 -1800
284 596
285 1980
286 -873
287 1428
288 -20
289 -1823
290 -1697
291 1769
292 30
293 -885
294 1862
295 -432
296 -1518
297 -172
298 517
299 1860
300 -1454
301 1668
302 1917
303 -986
304 64
305 1598
306 -1214
307 1608
308 -1774
309 -329
310 -380
311 1180
312 -502
313 5
314 1039
315 -1914
316 -1246
317 -1854
318 837
319 1661
320 -1272
321 -1091
322 -1090
323 1118
324 -1391
325 -1316
326 1228
327 -676
328 1997
329 1779
330 1811
331 1420
332 -814
333 989
334 276
335 1732
336 937
337 731
338 -1378
339 -1194
340 1845
341 1306
342 -1619
343 513
344 -1450
345 -1843
346 -24
347 687
348 -469
349 -216
350 300
351 1238
352 1998
353 -183
354 1005
355 -150
356 -367
357 402
358 -104
359 -101
360 -184
361 -1054
362 1475
363 -716
364 1370
365 -758
366 -1437
367 1067
368 1200
369 -462
370 1212
371 -1773
372 1273
373 -1588
374 1405
375 1865
376 1008
377 -1289
378 1076
379 1237
380 1457
381 1508
382 1222
383 -189
384 217
385 634
386 1200
387 -643
388 1528
389 1146
390 -225
391 1829
392 24
393 1053
394 -435
395 -1842
396 785
397 -1023
398 -655
399 -254
