400
0 1225
1 1667
2 906
3 -287
4 -1993
5 -1040
6 383
7 1262
8 -1119
9 -1953
10 -400
11 -1292
12 -1215
13 1091
14 1638
15 -1775
16 912
17 -1175
18 -202
19 -1926
20 1132
21 -531
22 -1286
23 -1924
24 -1616
25 -1228
26 -664
27 586
28 548
29 167
30 -918
31 -1220
32 1029
33 802
34 1017
35 -159
36 -550
37 1158
38 -345
39 1892
40 -223
41 1970
42 -510
43 -1996
44 142
45 -1711
46 1110
47 -718
48 288
49 141
50 1223
51 1973
52 -1473
53 1118
54 1620
55 18
56 47
57 -1979
58 350
59 288
60 -624
61 152
62 -1115
63 600
64 -395
65 1387
66 -1935
67 408
68 1539
69 874
70 -1629
71 -1281
72 1289
73 -1401
74 489
75 -1033
76 602
77 857
78 1615
79 -632
80 -1890
81 -1943
82 263
83 -791
84 -52
85 -326
86 1994
87 945
88 1114
89 1958
90 1034
91 -753
92 1597
93 -873
94 1984
95 21
96 1206
97 1817
98 -1809
99 -1188
100 709
101 -1316
102 -1332
103 -199
104 -372
105 -288
106 1249
107 925
108 1207
109 -1773
110 1522
111 1853
112 76
113 -1932
114 -1492
115 752
116 -802
117 -771
118 -1583
119 -164
120 412
121 1845
122 -1770
123 846
124 285
125 -1169
126 1639
127 -502
128 -969
129 1491
130 309
131 -185
132 1775
133 -1354
134 -1058
135 -506
136 1742
137 1607
138 1698
139 1786
140 1319
141 -980
142 -1088
143 378
144 917
145 1957
146 1005
147 -1095
148 600
149 1509
150 -1736
151 1058
152 -880
153 -1548
154 1684
155 -11
156 157
157 -1912
158 1923
159 304
160 -1460
161 139
162 430
163 371
164 888
165 -269
166 1546
167 185
168 1835
169 -1046
170 1222
171 -91
172 642
173 -1157
174 180
175 1021
176 1630
177 -306
178 -1586
179 -1060
180 -16
181 -414
182 71
183 566
184 -926
185 1880
186 1029
187 -1191
188 1484
189 -1757
190 -1303
191 -872
192 -269
193 1694
194 -1413
195 299
196 565
197 -1223
198 1046
199 -868
200 1298
201 1842
202 -1092
203 602
204 -84
205 -805
206 1730
207 837
208 -1638
209 -1975
210 -1301
211 653
212 36
213 -1322
214 1043
215 -488
216 -961
217 -1456
218 1152
219 64
220 -606
221 1361
222 -507
223 -349
224 -1147
225 1040
226 -1945
227 1636
228 -912
229 1578
230 -1384
231 -1913
232 -1108
233 -1513
234 -1423
235 838
236 1232
237 -144
238 -922
239 -451
240 -1368
241 -577
242 1260
243 -1612
244 844
245 -1451
246 -1518
247 -1993
248 791
249 -1765
250 1754
251 1492
252 -1900
253 -8
254 1226
255 -1978
256 1950
257 1825
258 -500
259 1777
260 -1637
261 1960
262 -413
263 -1127
264 344
265 781
266 -1386
267 836
268 -1144
269 -637
270 -74
271 274
272 -488
273 949
274 702
275 683
276 -972
277 1791
278 -933
279 930
280 950
281 -841
282 287
283 -690
284 551
285 815
286 786
287 357
288 1255
289 -493
290 1904
291 -442
292 1102
293 -267
294 -841
295 884
296 -346
297 1466
298 1136
299 1506
300 -1388
301 1587
302 -427
303 132
304 -11
305 -1516
306 -443
307 286
308 -1429
309 -197
310 1071
311 -1334
312 -662
313 1865
314 -23
315 1778
316 458
317 901
318 586
319 1641
320 50
321 -250
322 1008
323 1868
324 -688
325 1842
326 21
327 -1672
328 -1795
329 -1295
330 503
331 1255
332 -1837
333 1485
334 1646
335 -1592
336 -1041
337 50
338 -475
339 -1948
340 779
341 943
342 1837
343 349
344 1587
345 1254
346 1985
347 1014
348 -1622
349 -1459
350 -316
351 -377
352 -839
353 152
354 678
355 -1672
356 936
357 -814
358 1006
359 45
360 1478
361 -1754
362 687
363 -1371
364 708
365 -62
366 -1187
367 1092
368 -1910
369 -713
370 885
371 1447
372 -1623
373 -1765
374 -477
375 1517
376 1928
377 -1534
378 1496
379 517
380 1312
381 -748
382 -1018
383 1427
384 -963
385 531
386 358
387 1468
388 -1292
389 -1513
390 -1356
391 1003
392 416
393 -363
394 683
395 -590
396 -713
397 -807
398 -1849
399 -1446
